1758600960000.00000,0.82076,0.82076,0.82076,0.82076,0.00000
1758601020000.00000,0.82082,0.82082,0.82082,0.82082,1191.85801
1758601080000.00000,0.82082,0.82082,0.82082,0.82082,0.00000
1758601140000.00000,0.82121,0.82173,0.82121,0.82173,84.02598
1758601200000.00000,0.82172,0.82172,0.82172,0.82172,5.76000
1758601260000.00000,0.82119,0.82119,0.82002,0.82002,346.73070
1758601320000.00000,0.82002,0.82002,0.82002,0.82002,0.00000
1758601380000.00000,0.82000,0.82000,0.82000,0.82000,346.72607
1758601440000.00000,0.82000,0.82000,0.82000,0.82000,354.25522
1758601500000.00000,0.82000,0.82000,0.81955,0.81955,2506.99117
1758601560000.00000,0.81955,0.81955,0.81955,0.81955,0.00000
1758601620000.00000,0.81901,0.81901,0.81802,0.81810,10042.41985
1758601680000.00000,0.81796,0.81796,0.81796,0.81796,1.25794
1758601740000.00000,0.81785,0.81785,0.81785,0.81785,28.67347
1758601800000.00000,0.81844,0.81844,0.81826,0.81826,5316.16596
1758601860000.00000,0.81810,0.81810,0.81810,0.81810,145.74397
1758601920000.00000,0.81810,0.81810,0.81603,0.81603,4965.22532
1758601980000.00000,0.81602,0.81602,0.81600,0.81600,1980.16578
1758602040000.00000,0.81563,0.81563,0.81537,0.81544,282.29880
1758602100000.00000,0.81606,0.81606,0.81600,0.81602,257.66094
1758602160000.00000,0.81602,0.81602,0.81602,0.81602,0.00000
1758602220000.00000,0.81652,0.81751,0.81652,0.81742,348.39394
1758602280000.00000,0.81768,0.81768,0.81660,0.81664,791.76021
1758602340000.00000,0.81722,0.81813,0.81722,0.81813,598.68429
1758602400000.00000,0.81813,0.81902,0.81813,0.81902,2720.13581
1758602460000.00000,0.81900,0.81900,0.81881,0.81881,2097.69530
1758602520000.00000,0.81881,0.81881,0.81881,0.81881,0.00000
1758602580000.00000,0.81881,0.81881,0.81881,0.81881,0.00000
1758602640000.00000,0.81802,0.81802,0.81802,0.81802,13.19035
1758602700000.00000,0.81802,0.81802,0.81802,0.81802,0.00000
1758602760000.00000,0.81730,0.81730,0.81649,0.81649,9836.02461
1758602820000.00000,0.81659,0.81659,0.81655,0.81655,526.29714
1758602880000.00000,0.81655,0.81655,0.81655,0.81655,0.00000
1758602940000.00000,0.81727,0.81727,0.81727,0.81727,36.70771
1758603000000.00000,0.81754,0.81756,0.81754,0.81756,168.51739
1758603060000.00000,0.81870,0.81870,0.81869,0.81870,4601.80103
1758603120000.00000,0.81870,0.81875,0.81870,0.81875,16917.97444
1758603180000.00000,0.81875,0.81881,0.81875,0.81881,119.45142
1758603240000.00000,0.81881,0.81881,0.81866,0.81866,41.38778
1758603300000.00000,0.81866,0.81879,0.81866,0.81879,122150.83185
1758603360000.00000,0.81866,0.81866,0.81866,0.81866,126.75127
1758603420000.00000,0.81866,0.81866,0.81866,0.81866,73.45310
1758603480000.00000,0.81879,0.81887,0.81879,0.81887,68.68169
1758603540000.00000,0.81887,0.81887,0.81887,0.81887,0.00000
1758603600000.00000,0.81913,0.81927,0.81913,0.81927,29.89058
1758603660000.00000,0.81947,0.81999,0.81947,0.81999,207.82024
1758603720000.00000,0.81980,0.81980,0.81925,0.81925,378.76184
1758603780000.00000,0.81934,0.81965,0.81934,0.81947,888.33993
1758603840000.00000,0.81866,0.81866,0.81782,0.81782,194.36086
1758603900000.00000,0.81710,0.81710,0.81651,0.81651,14344.05073
1758603960000.00000,0.81682,0.81730,0.81682,0.81730,488.06872
1758604020000.00000,0.81727,0.81727,0.81727,0.81727,1.58786
1758604080000.00000,0.81575,0.81575,0.81539,0.81539,26500.00000
1758604140000.00000,0.81604,0.81715,0.81604,0.81715,1063.15404
1758604200000.00000,0.81715,0.81715,0.81715,0.81715,31.07959
1758604260000.00000,0.81728,0.81728,0.81728,0.81728,56.81825
1758604320000.00000,0.81728,0.81728,0.81728,0.81728,0.00000
1758604380000.00000,0.81873,0.81881,0.81873,0.81881,69.20695
1758604440000.00000,0.81942,0.82006,0.81940,0.81942,150876.24283
1758604500000.00000,0.81958,0.82000,0.81957,0.82000,44789.94561
1758604560000.00000,0.82000,0.82000,0.81910,0.81910,260289.06275
1758604620000.00000,0.81835,0.81835,0.81835,0.81835,5253.62806
1758604680000.00000,0.81767,0.81767,0.81752,0.81766,303.96234
1758604740000.00000,0.81766,0.81766,0.81766,0.81766,237.01084
1758604800000.00000,0.81766,0.81846,0.81766,0.81838,823.60344
1758604860000.00000,0.81838,0.81838,0.81838,0.81838,0.00000
1758604920000.00000,0.81838,0.81838,0.81838,0.81838,0.00000
1758604980000.00000,0.81898,0.81898,0.81873,0.81873,1460.90645
1758605040000.00000,0.81883,0.81897,0.81867,0.81867,194.91388
1758605100000.00000,0.81919,0.81919,0.81919,0.81919,2.19454
1758605160000.00000,0.81961,0.82100,0.81961,0.82100,115062.01698
1758605220000.00000,0.82100,0.82100,0.82100,0.82100,0.00000
1758605280000.00000,0.82024,0.82024,0.82024,0.82024,118.96691
1758605340000.00000,0.82031,0.82065,0.82026,0.82057,5341.81673
1758605400000.00000,0.82085,0.82190,0.82085,0.82190,282416.03920
1758605460000.00000,0.82190,0.82190,0.82190,0.82190,0.00000
1758605520000.00000,0.82190,0.82190,0.82190,0.82190,0.00000
1758605580000.00000,0.82219,0.82219,0.82219,0.82219,162.89547
1758605640000.00000,0.82253,0.82253,0.82250,0.82251,143.19470
1758605700000.00000,0.82224,0.82224,0.82224,0.82224,54276.21608
1758605760000.00000,0.82224,0.82244,0.82224,0.82224,5155.07624
1758605820000.00000,0.82224,0.82224,0.82224,0.82224,50.00000
1758605880000.00000,0.82224,0.82248,0.82224,0.82224,2710.59799
1758605940000.00000,0.82224,0.82224,0.82224,0.82224,136.35435
1758606000000.00000,0.82224,0.82224,0.82224,0.82224,24.90557
1758606060000.00000,0.82260,0.82261,0.82253,0.82253,158.01323
1758606120000.00000,0.82224,0.82236,0.82174,0.82174,11606.51182
1758606180000.00000,0.82162,0.82202,0.82162,0.82202,65.24962
1758606240000.00000,0.82219,0.82219,0.82219,0.82219,226.46808
1758606300000.00000,0.82219,0.82219,0.82219,0.82219,682.08683
1758606360000.00000,0.82219,0.82219,0.82193,0.82193,637.77770
1758606420000.00000,0.82180,0.82181,0.82180,0.82181,731.15831
1758606480000.00000,0.82181,0.82181,0.82181,0.82181,0.00000
1758606540000.00000,0.82181,0.82181,0.82181,0.82181,0.00000
1758606600000.00000,0.82181,0.82181,0.82181,0.82181,0.00000
1758606660000.00000,0.82149,0.82149,0.82149,0.82149,539.12025
1758606720000.00000,0.82149,0.82149,0.82149,0.82149,0.00000
1758606780000.00000,0.82149,0.82149,0.82149,0.82149,0.00000
1758606840000.00000,0.82000,0.82000,0.82000,0.82000,616.67116
1758606900000.00000,0.82000,0.82000,0.82000,0.82000,1.73748
1758606960000.00000,0.82000,0.82000,0.82000,0.82000,4964.69804
1758607020000.00000,0.82000,0.82000,0.82000,0.82000,0.00000
1758607080000.00000,0.81944,0.81960,0.81944,0.81960,1807.30746
1758607140000.00000,0.81960,0.81960,0.81960,0.81960,4311.00000
1758607200000.00000,0.81891,0.81891,0.81891,0.81891,13.12700
1758607260000.00000,0.81936,0.81981,0.81933,0.81981,304.21955
1758607320000.00000,0.81934,0.81935,0.81934,0.81935,50.76002
1758607380000.00000,0.81889,0.81889,0.81889,0.81889,4.00000
1758607440000.00000,0.81889,0.81889,0.81889,0.81889,0.00000
1758607500000.00000,0.81821,0.81821,0.81801,0.81801,178.65812
1758607560000.00000,0.81801,0.81801,0.81801,0.81801,0.00000
1758607620000.00000,0.81908,0.82047,0.81908,0.82039,50155.65550
1758607680000.00000,0.82055,0.82055,0.82055,0.82055,65.42651
1758607740000.00000,0.82077,0.82151,0.82077,0.82151,2324.48887
1758607800000.00000,0.82151,0.82151,0.82151,0.82151,0.00000
1758607860000.00000,0.82151,0.82151,0.82151,0.82151,0.00000
1758607920000.00000,0.82226,0.82257,0.82226,0.82257,55.03959
1758607980000.00000,0.82257,0.82257,0.82257,0.82257,0.00000
1758608040000.00000,0.82212,0.82212,0.82212,0.82212,1108.31075
1758608100000.00000,0.82212,0.82212,0.82212,0.82212,708.24107
1758608160000.00000,0.82212,0.82212,0.82077,0.82077,466.36180
1758608220000.00000,0.82067,0.82068,0.82067,0.82068,299.57051
1758608280000.00000,0.82068,0.82068,0.82068,0.82068,0.00000
1758608340000.00000,0.82179,0.82255,0.82179,0.82240,2213.23626
1758608400000.00000,0.82280,0.82333,0.82280,0.82333,60.95057
1758608460000.00000,0.82280,0.82280,0.82268,0.82268,6133.44343
1758608520000.00000,0.82268,0.82268,0.82268,0.82268,0.00000
1758608580000.00000,0.82314,0.82314,0.82273,0.82273,337.85793
1758608640000.00000,0.82290,0.82333,0.82290,0.82333,51.14433
1758608700000.00000,0.82333,0.82361,0.82333,0.82361,828.86136
1758608760000.00000,0.82361,0.82361,0.82361,0.82361,0.00000
1758608820000.00000,0.82356,0.82357,0.82356,0.82357,291.02237
1758608880000.00000,0.82355,0.82357,0.82355,0.82357,2.46805
1758608940000.00000,0.82357,0.82357,0.82357,0.82357,0.00000
1758609000000.00000,0.82357,0.82357,0.82357,0.82357,0.00000
1758609060000.00000,0.82424,0.82491,0.82424,0.82491,124.75865
1758609120000.00000,0.82491,0.82579,0.82491,0.82545,1236.21098
1758609180000.00000,0.82582,0.82583,0.82582,0.82583,100.00000
1758609240000.00000,0.82561,0.82599,0.82561,0.82599,98.44584
1758609300000.00000,0.82645,0.82660,0.82645,0.82660,171.89350
1758609360000.00000,0.82660,0.82727,0.82660,0.82727,60468.08724
1758609420000.00000,0.82727,0.82727,0.82727,0.82727,0.00000
1758609480000.00000,0.82611,0.82638,0.82598,0.82606,223.78039
1758609540000.00000,0.82606,0.82606,0.82606,0.82606,0.00000
1758609600000.00000,0.82606,0.82606,0.82606,0.82606,0.00000
1758609660000.00000,0.82530,0.82530,0.82420,0.82420,602.94055
1758609720000.00000,0.82458,0.82458,0.82458,0.82458,37.45998
1758609780000.00000,0.82520,0.82520,0.82512,0.82512,142.94991
1758609840000.00000,0.82617,0.82618,0.82617,0.82618,1704.38465
1758609900000.00000,0.82618,0.82618,0.82618,0.82618,0.00000
1758609960000.00000,0.82420,0.82431,0.82420,0.82431,2000.48526
1758610020000.00000,0.82528,0.82528,0.82528,0.82528,21.66230
1758610080000.00000,0.82596,0.82596,0.82596,0.82596,28.22795
1758610140000.00000,0.82720,0.82729,0.82720,0.82720,2564.90448
1758610200000.00000,0.82720,0.82720,0.82720,0.82720,0.00000
1758610260000.00000,0.82684,0.82704,0.82578,0.82578,20209.75527
1758610320000.00000,0.82579,0.82670,0.82570,0.82670,39442.73547
1758610380000.00000,0.82670,0.82719,0.82670,0.82719,15732.13862
1758610440000.00000,0.82659,0.82692,0.82655,0.82692,123.32559
1758610500000.00000,0.82720,0.82720,0.82719,0.82719,200.14407
1758610560000.00000,0.82683,0.82697,0.82673,0.82697,417.37953
1758610620000.00000,0.82720,0.82720,0.82720,0.82720,576.15302
1758610680000.00000,0.82720,0.82741,0.82696,0.82741,11546.64188
1758610740000.00000,0.82690,0.82690,0.82690,0.82690,59.12846
1758610800000.00000,0.82690,0.82690,0.82604,0.82604,90.27125
1758610860000.00000,0.82542,0.82563,0.82507,0.82507,1673.85740
1758610920000.00000,0.82506,0.82506,0.82469,0.82469,792.51171
1758610980000.00000,0.82452,0.82452,0.82418,0.82429,10418.87690
1758611040000.00000,0.82410,0.82430,0.82389,0.82389,71.31786
1758611100000.00000,0.82390,0.82403,0.82368,0.82368,684.96832
1758611160000.00000,0.82368,0.82368,0.82296,0.82364,206.92147
1758611220000.00000,0.82410,0.82410,0.82410,0.82410,17.95330
1758611280000.00000,0.82410,0.82526,0.82410,0.82503,136.87267
1758611340000.00000,0.82503,0.82503,0.82503,0.82503,0.00000
1758611400000.00000,0.82392,0.82464,0.82392,0.82464,3968.10421
1758611460000.00000,0.82546,0.82571,0.82546,0.82571,35.00843
1758611520000.00000,0.82571,0.82571,0.82571,0.82571,12.94639
1758611580000.00000,0.82498,0.82506,0.82498,0.82503,592.00236
1758611640000.00000,0.82489,0.82503,0.82489,0.82503,19.74522
1758611700000.00000,0.82494,0.82511,0.82430,0.82432,1520.13044
1758611760000.00000,0.82460,0.82461,0.82441,0.82441,1536.73556
1758611820000.00000,0.82477,0.82502,0.82468,0.82468,929.36171
1758611880000.00000,0.82502,0.82586,0.82502,0.82586,23.45804
1758611940000.00000,0.82582,0.82586,0.82567,0.82567,504.22576
1758612000000.00000,0.82599,0.82676,0.82599,0.82676,1908.99883
1758612060000.00000,0.82695,0.82782,0.82695,0.82716,52471.75515
1758612120000.00000,0.82751,0.82800,0.82751,0.82800,71829.21742
1758612180000.00000,0.82814,0.82830,0.82814,0.82830,307.05205
1758612240000.00000,0.82840,0.83036,0.82840,0.82874,217948.57476
1758612300000.00000,0.82873,0.82882,0.82724,0.82724,2465.64796
1758612360000.00000,0.82702,0.82800,0.82702,0.82800,273098.44857
1758612420000.00000,0.82680,0.82680,0.82680,0.82680,96.51410
1758612480000.00000,0.82688,0.82688,0.82686,0.82686,22.87455
1758612540000.00000,0.82680,0.82680,0.82641,0.82641,7301.15964
1758612600000.00000,0.82621,0.82621,0.82496,0.82549,1746.76679
1758612660000.00000,0.82605,0.82605,0.82596,0.82596,4165.88488
1758612720000.00000,0.82596,0.82596,0.82596,0.82596,0.00000
1758612780000.00000,0.82596,0.82596,0.82596,0.82596,0.00000
1758612840000.00000,0.82622,0.82626,0.82583,0.82590,3391.17336
1758612900000.00000,0.82590,0.82590,0.82590,0.82590,0.00000
1758612960000.00000,0.82631,0.82631,0.82631,0.82631,1588.17764
1758613020000.00000,0.82654,0.82654,0.82654,0.82654,60.00000
1758613080000.00000,0.82717,0.82717,0.82654,0.82654,8887.83926
1758613140000.00000,0.82654,0.82654,0.82608,0.82609,469.60150
1758613200000.00000,0.82641,0.82660,0.82641,0.82660,713.81087
1758613260000.00000,0.82684,0.82684,0.82620,0.82620,96.52162
1758613320000.00000,0.82603,0.82603,0.82590,0.82590,58488.48902
1758613380000.00000,0.82540,0.82540,0.82540,0.82540,76.80000
1758613440000.00000,0.82540,0.82540,0.82540,0.82540,0.00000
1758613500000.00000,0.82540,0.82540,0.82540,0.82540,0.00000
1758613560000.00000,0.82561,0.82620,0.82561,0.82613,880.74002
1758613620000.00000,0.82548,0.82625,0.82548,0.82625,293.71642
1758613680000.00000,0.82637,0.82639,0.82616,0.82637,55122.19045
1758613740000.00000,0.82515,0.82566,0.82515,0.82566,1232.98700
1758613800000.00000,0.82534,0.82534,0.82534,0.82534,4.02000
1758613860000.00000,0.82534,0.82534,0.82534,0.82534,0.00000
1758613920000.00000,0.82534,0.82534,0.82534,0.82534,0.00000
1758613980000.00000,0.82528,0.82539,0.82528,0.82539,1172.96669
1758614040000.00000,0.82539,0.82539,0.82539,0.82539,0.00000
1758614100000.00000,0.82442,0.82442,0.82442,0.82442,150.00000
1758614160000.00000,0.82546,0.82546,0.82546,0.82546,116.44494
1758614220000.00000,0.82529,0.82530,0.82521,0.82530,273.42744
1758614280000.00000,0.82530,0.82530,0.82530,0.82530,0.00000
1758614340000.00000,0.82453,0.82453,0.82453,0.82453,104.90540
1758614400000.00000,0.82463,0.82463,0.82400,0.82400,345.49864
1758614460000.00000,0.82450,0.82599,0.82450,0.82578,1488.47515
1758614520000.00000,0.82577,0.82617,0.82577,0.82617,877.34224
1758614580000.00000,0.82629,0.82629,0.82539,0.82540,497.47141
1758614640000.00000,0.82448,0.82448,0.82396,0.82396,162.08164
1758614700000.00000,0.82360,0.82474,0.82360,0.82474,148.39902
1758614760000.00000,0.82435,0.82435,0.82334,0.82335,72989.23784
1758614820000.00000,0.82333,0.82345,0.82115,0.82345,402153.42127
1758614880000.00000,0.82465,0.82566,0.82465,0.82566,1718.35582
1758614940000.00000,0.82527,0.82527,0.82527,0.82527,5.42632
1758615000000.00000,0.82502,0.82502,0.82502,0.82502,12.92068
1758615060000.00000,0.82447,0.82447,0.82447,0.82447,12.61120
1758615120000.00000,0.82400,0.82400,0.82400,0.82400,22.92972
1758615180000.00000,0.82400,0.82400,0.82400,0.82400,0.00000
1758615240000.00000,0.82480,0.82496,0.82480,0.82496,34.52849
1758615300000.00000,0.82457,0.82461,0.82457,0.82460,2180.22363
1758615360000.00000,0.82461,0.82461,0.82461,0.82461,62.09591
1758615420000.00000,0.82554,0.82554,0.82554,0.82554,94.54389
1758615480000.00000,0.82584,0.82606,0.82584,0.82606,132.68511
1758615540000.00000,0.82606,0.82606,0.82606,0.82606,0.00000
1758615600000.00000,0.82606,0.82606,0.82606,0.82606,0.00000
1758615660000.00000,0.82513,0.82558,0.82513,0.82558,1935.76000
1758615720000.00000,0.82558,0.82558,0.82558,0.82558,0.00000
1758615780000.00000,0.82558,0.82558,0.82558,0.82558,0.00000
1758615840000.00000,0.82485,0.82572,0.82485,0.82572,344.96012
1758615900000.00000,0.82544,0.82544,0.82531,0.82531,11.04570
1758615960000.00000,0.82531,0.82531,0.82531,0.82531,0.00000
1758616020000.00000,0.82570,0.82596,0.82570,0.82596,236.53698
1758616080000.00000,0.82546,0.82546,0.82546,0.82546,76.80586
1758616140000.00000,0.82528,0.82528,0.82485,0.82485,420.28291
1758616200000.00000,0.82485,0.82485,0.82430,0.82430,116.35678
1758616260000.00000,0.82430,0.82430,0.82430,0.82430,14.92959
1758616320000.00000,0.82330,0.82330,0.82284,0.82288,2587.17787
1758616380000.00000,0.82316,0.82316,0.82316,0.82316,5.95503
1758616440000.00000,0.82316,0.82316,0.82316,0.82316,0.00000
1758616500000.00000,0.82316,0.82316,0.82316,0.82316,0.00000
1758616560000.00000,0.82316,0.82316,0.82316,0.82316,0.00000
1758616620000.00000,0.82437,0.82437,0.82437,0.82437,66.04226
1758616680000.00000,0.82494,0.82555,0.82494,0.82555,12.32860
1758616740000.00000,0.82553,0.82553,0.82539,0.82539,3767.80627
1758616800000.00000,0.82523,0.82528,0.82523,0.82528,611.91878
1758616860000.00000,0.82530,0.82593,0.82530,0.82593,193851.75097
1758616920000.00000,0.82593,0.82593,0.82593,0.82593,0.00000
1758616980000.00000,0.82581,0.82581,0.82581,0.82581,110.29321
1758617040000.00000,0.82581,0.82581,0.82581,0.82581,0.00000
1758617100000.00000,0.82567,0.82567,0.82567,0.82567,18.65000
1758617160000.00000,0.82567,0.82567,0.82567,0.82567,19705.81503
1758617220000.00000,0.82545,0.82545,0.82545,0.82545,12.00000
1758617280000.00000,0.82545,0.82545,0.82545,0.82545,0.00000
1758617340000.00000,0.82559,0.82559,0.82559,0.82559,14.53607
1758617400000.00000,0.82525,0.82525,0.82525,0.82525,65.54046
1758617460000.00000,0.82546,0.82546,0.82523,0.82523,118.26831
1758617520000.00000,0.82523,0.82582,0.82523,0.82582,88.55657
1758617580000.00000,0.82565,0.82565,0.82558,0.82558,185.91127
1758617640000.00000,0.82548,0.82550,0.82548,0.82550,7268.29581
1758617700000.00000,0.82558,0.82598,0.82558,0.82598,25470.06271
1758617760000.00000,0.82586,0.82586,0.82586,0.82586,2727.14762
1758617820000.00000,0.82593,0.82613,0.82593,0.82613,1041.88111
1758617880000.00000,0.82615,0.82615,0.82615,0.82615,408.61091
1758617940000.00000,0.82620,0.82627,0.82620,0.82627,60.21894
1758618000000.00000,0.82620,0.82620,0.82589,0.82599,40.93150
1758618060000.00000,0.82632,0.82634,0.82632,0.82633,263.37180
1758618120000.00000,0.82632,0.82632,0.82632,0.82632,504.40000
1758618180000.00000,0.82540,0.82573,0.82540,0.82573,8030.70928
1758618240000.00000,0.82543,0.82543,0.82523,0.82531,1467.91282
1758618300000.00000,0.82523,0.82544,0.82523,0.82544,19.57369
1758618360000.00000,0.82559,0.82559,0.82559,0.82559,1.58428
1758618420000.00000,0.82565,0.82602,0.82565,0.82602,282.08582
1758618480000.00000,0.82618,0.82653,0.82618,0.82652,51.18691
1758618540000.00000,0.82677,0.82740,0.82677,0.82740,99116.23100
1758618600000.00000,0.82740,0.82818,0.82740,0.82818,208473.82270
1758618660000.00000,0.82828,0.82910,0.82828,0.82910,48612.04557
1758618720000.00000,0.82776,0.82870,0.82776,0.82870,95853.03169
1758618780000.00000,0.82870,0.82940,0.82870,0.82940,98371.76892
1758618840000.00000,0.82940,0.82940,0.82864,0.82940,84130.43195
1758618900000.00000,0.82940,0.82940,0.82829,0.82870,135754.70963
1758618960000.00000,0.82870,0.82870,0.82778,0.82792,55905.58493
1758619020000.00000,0.82713,0.82726,0.82617,0.82644,2743.88428
1758619080000.00000,0.82666,0.82709,0.82666,0.82691,114.44000
1758619140000.00000,0.82645,0.82671,0.82645,0.82671,34.40381
1758619200000.00000,0.82670,0.82698,0.82670,0.82698,34.35425
1758619260000.00000,0.82683,0.82705,0.82683,0.82705,57.31000
1758619320000.00000,0.82713,0.82713,0.82713,0.82713,7.52189
1758619380000.00000,0.82671,0.82671,0.82671,0.82671,8046.91478
1758619440000.00000,0.82649,0.82649,0.82649,0.82649,12.03916
1758619500000.00000,0.82649,0.82649,0.82649,0.82649,0.00000
1758619560000.00000,0.82543,0.82543,0.82522,0.82522,8793.14977
1758619620000.00000,0.82495,0.82495,0.82490,0.82490,13706.56441
1758619680000.00000,0.82490,0.82490,0.82490,0.82490,0.00000
1758619740000.00000,0.82376,0.82414,0.82376,0.82414,264.17387
1758619800000.00000,0.82414,0.82414,0.82414,0.82414,0.00000
1758619860000.00000,0.82388,0.82388,0.82388,0.82388,21.41798
1758619920000.00000,0.82395,0.82395,0.82354,0.82354,10467.11982
1758619980000.00000,0.82375,0.82375,0.82375,0.82375,56.06902
1758620040000.00000,0.82404,0.82404,0.82404,0.82404,6289.57656
1758620100000.00000,0.82404,0.82404,0.82404,0.82404,0.00000
1758620160000.00000,0.82359,0.82468,0.82359,0.82468,6360.86867
1758620220000.00000,0.82466,0.82469,0.82466,0.82469,8586.72359
1758620280000.00000,0.82445,0.82445,0.82445,0.82445,6080.57263
1758620340000.00000,0.82445,0.82445,0.82445,0.82445,0.00000
1758620400000.00000,0.82429,0.82429,0.82429,0.82429,1.24046
1758620460000.00000,0.82429,0.82429,0.82429,0.82429,0.00000
1758620520000.00000,0.82400,0.82400,0.82348,0.82351,7102.33724
1758620580000.00000,0.82373,0.82373,0.82373,0.82373,2124.37821
1758620640000.00000,0.82373,0.82373,0.82373,0.82373,142.93462
1758620700000.00000,0.82312,0.82312,0.82300,0.82300,40477.57314
1758620760000.00000,0.82300,0.82300,0.82300,0.82300,1360.13969
1758620820000.00000,0.82300,0.82300,0.82300,0.82300,0.00000
1758620880000.00000,0.82280,0.82280,0.82280,0.82280,33.85285
1758620940000.00000,0.82280,0.82280,0.82153,0.82153,511.00118
1758621000000.00000,0.82153,0.82153,0.82153,0.82153,0.00000
1758621060000.00000,0.82153,0.82153,0.82153,0.82153,0.00000
1758621120000.00000,0.82315,0.82315,0.82315,0.82315,1122.51034
1758621180000.00000,0.82315,0.82364,0.82315,0.82364,627.48887
1758621240000.00000,0.82364,0.82364,0.82364,0.82364,420.89003
1758621300000.00000,0.82364,0.82364,0.82332,0.82332,356.86506
1758621360000.00000,0.82332,0.82332,0.82332,0.82332,14.63248
1758621420000.00000,0.82332,0.82332,0.82332,0.82332,0.00000
1758621480000.00000,0.82336,0.82350,0.82336,0.82350,44.54157
1758621540000.00000,0.82323,0.82323,0.82292,0.82308,66.51671
1758621600000.00000,0.82292,0.82292,0.82259,0.82259,355.98269
1758621660000.00000,0.82199,0.82199,0.82199,0.82199,5845.04778
1758621720000.00000,0.82238,0.82238,0.82238,0.82238,5928.86081
1758621780000.00000,0.82291,0.82291,0.82291,0.82291,12.00000
1758621840000.00000,0.82335,0.82377,0.82335,0.82377,6104.93359
1758621900000.00000,0.82364,0.82364,0.82345,0.82345,11622.02477
1758621960000.00000,0.82337,0.82350,0.82337,0.82350,1234.79875
1758622020000.00000,0.82393,0.82393,0.82393,0.82393,321.35614
1758622080000.00000,0.82402,0.82402,0.82387,0.82387,34.54532
1758622140000.00000,0.82386,0.82386,0.82386,0.82386,11.17161
1758622200000.00000,0.82402,0.82429,0.82402,0.82429,291.60074
1758622260000.00000,0.82429,0.82497,0.82429,0.82497,132.39984
1758622320000.00000,0.82497,0.82497,0.82497,0.82497,0.00000
1758622380000.00000,0.82497,0.82497,0.82497,0.82497,0.00000
1758622440000.00000,0.82470,0.82470,0.82447,0.82447,1651.70000
1758622500000.00000,0.82487,0.82495,0.82477,0.82477,797.44362
1758622560000.00000,0.82477,0.82477,0.82477,0.82477,0.00000
1758622620000.00000,0.82477,0.82477,0.82477,0.82477,0.00000
1758622680000.00000,0.82425,0.82429,0.82390,0.82390,1730.61040
1758622740000.00000,0.82310,0.82310,0.82287,0.82287,534.88333
1758622800000.00000,0.82275,0.82275,0.82267,0.82267,1837.61748
1758622860000.00000,0.82267,0.82267,0.82267,0.82267,0.00000
1758622920000.00000,0.82363,0.82363,0.82351,0.82351,126.84493
1758622980000.00000,0.82407,0.82407,0.82395,0.82395,48284.39509
1758623040000.00000,0.82420,0.82420,0.82420,0.82420,2.36727
1758623100000.00000,0.82440,0.82440,0.82440,0.82440,47.82713
1758623160000.00000,0.82440,0.82440,0.82440,0.82440,0.00000
1758623220000.00000,0.82440,0.82440,0.82440,0.82440,0.00000
1758623280000.00000,0.82440,0.82440,0.82440,0.82440,0.00000
1758623340000.00000,0.82338,0.82338,0.82338,0.82338,27.15724
1758623400000.00000,0.82338,0.82338,0.82338,0.82338,0.00000
1758623460000.00000,0.82338,0.82338,0.82338,0.82338,0.00000
1758623520000.00000,0.82397,0.82397,0.82397,0.82397,1.51010
1758623580000.00000,0.82379,0.82379,0.82336,0.82379,324.92836
1758623640000.00000,0.82440,0.82440,0.82440,0.82440,179.88545
1758623700000.00000,0.82440,0.82440,0.82440,0.82440,19.69485
1758623760000.00000,0.82440,0.82440,0.82440,0.82440,3779.55977
1758623820000.00000,0.82416,0.82416,0.82354,0.82361,118.33796
1758623880000.00000,0.82344,0.82344,0.82302,0.82302,243.84026
1758623940000.00000,0.82307,0.82307,0.82307,0.82307,2.65931
1758624000000.00000,0.82298,0.82312,0.82255,0.82255,4344.74170
1758624060000.00000,0.82255,0.82255,0.82255,0.82255,0.00000
1758624120000.00000,0.82241,0.82241,0.82241,0.82241,50.73909
1758624180000.00000,0.82233,0.82233,0.82233,0.82233,6.99241
1758624240000.00000,0.82233,0.82233,0.82233,0.82233,0.00000
1758624300000.00000,0.82233,0.82233,0.82233,0.82233,0.00000
1758624360000.00000,0.82233,0.82233,0.82233,0.82233,0.00000
1758624420000.00000,0.82233,0.82233,0.82233,0.82233,0.00000
1758624480000.00000,0.82344,0.82349,0.82329,0.82329,44.21134
1758624540000.00000,0.82350,0.82350,0.82335,0.82335,84.98545
1758624600000.00000,0.82415,0.82415,0.82415,0.82415,118.07527
1758624660000.00000,0.82415,0.82415,0.82415,0.82415,0.00000
1758624720000.00000,0.82359,0.82359,0.82358,0.82358,2310.61273
1758624780000.00000,0.82343,0.82343,0.82343,0.82343,227.03858
1758624840000.00000,0.82343,0.82343,0.82343,0.82343,0.00000
1758624900000.00000,0.82343,0.82343,0.82343,0.82343,0.00000
1758624960000.00000,0.82377,0.82377,0.82352,0.82361,19573.96920
1758625020000.00000,0.82381,0.82381,0.82381,0.82381,584.19811
1758625080000.00000,0.82388,0.82388,0.82377,0.82377,550.75540
1758625140000.00000,0.82377,0.82377,0.82377,0.82377,0.00000
1758625200000.00000,0.82350,0.82350,0.82350,0.82350,334.60429
1758625260000.00000,0.82350,0.82350,0.82350,0.82350,0.00000
1758625320000.00000,0.82225,0.82225,0.82224,0.82225,644.37898
1758625380000.00000,0.82224,0.82224,0.82147,0.82147,3642.77821
1758625440000.00000,0.82161,0.82161,0.82156,0.82156,132.84179
1758625500000.00000,0.82168,0.82212,0.82167,0.82212,1084.20344
1758625560000.00000,0.82121,0.82121,0.82121,0.82121,4334.30424
1758625620000.00000,0.82121,0.82121,0.82121,0.82121,4.50000
1758625680000.00000,0.82011,0.82032,0.82000,0.82012,6616.35929
1758625740000.00000,0.82041,0.82042,0.82041,0.82042,43.46430
1758625800000.00000,0.82034,0.82034,0.82034,0.82034,531.58137
1758625860000.00000,0.82026,0.82026,0.82000,0.82000,752.50547
1758625920000.00000,0.82000,0.82000,0.82000,0.82000,121.94839
1758625980000.00000,0.82000,0.82000,0.82000,0.82000,9473.93356
1758626040000.00000,0.82018,0.82018,0.82018,0.82018,13.19512
1758626100000.00000,0.82025,0.82051,0.82017,0.82051,186.37500
1758626160000.00000,0.82031,0.82031,0.82031,0.82031,11.71789
1758626220000.00000,0.82031,0.82031,0.82031,0.82031,0.00000
1758626280000.00000,0.82051,0.82051,0.82051,0.82051,68.92089
1758626340000.00000,0.82051,0.82051,0.82051,0.82051,406.93702
1758626400000.00000,0.82090,0.82140,0.82090,0.82140,116.00416
1758626460000.00000,0.82140,0.82140,0.82140,0.82140,0.00000
1758626520000.00000,0.82122,0.82122,0.82122,0.82122,43.05882
1758626580000.00000,0.82176,0.82176,0.82176,0.82176,43.16000
1758626640000.00000,0.82141,0.82141,0.82141,0.82141,31.56000
1758626700000.00000,0.82105,0.82105,0.82080,0.82091,7744.68726
1758626760000.00000,0.82091,0.82091,0.82091,0.82091,0.00000
1758626820000.00000,0.82091,0.82091,0.82091,0.82091,0.00000
1758626880000.00000,0.82154,0.82154,0.82138,0.82138,147.36985
1758626940000.00000,0.82138,0.82138,0.82138,0.82138,0.00000
1758627000000.00000,0.82144,0.82144,0.82144,0.82144,630.78006
1758627060000.00000,0.82189,0.82189,0.82189,0.82189,114.27716
1758627120000.00000,0.82189,0.82189,0.82189,0.82189,14424.50147
1758627180000.00000,0.82189,0.82209,0.82189,0.82209,20226.25130
1758627240000.00000,0.82258,0.82258,0.82257,0.82258,23967.68337
1758627300000.00000,0.82258,0.82258,0.82258,0.82258,0.00000
1758627360000.00000,0.82258,0.82258,0.82258,0.82258,23.80957
1758627420000.00000,0.82258,0.82258,0.82216,0.82244,1622.37932
1758627480000.00000,0.82244,0.82244,0.82244,0.82244,0.00000
1758627540000.00000,0.82247,0.82247,0.82247,0.82247,29.21073
1758627600000.00000,0.82258,0.82258,0.82258,0.82258,11.38529
1758627660000.00000,0.82258,0.82349,0.82258,0.82349,8298.30102
1758627720000.00000,0.82339,0.82361,0.82339,0.82339,377.77059
1758627780000.00000,0.82351,0.82410,0.82351,0.82392,3020.47790
1758627840000.00000,0.82394,0.82420,0.82394,0.82420,130.46365
1758627900000.00000,0.82420,0.82420,0.82420,0.82420,0.00000
1758627960000.00000,0.82420,0.82420,0.82420,0.82420,0.00000
1758628020000.00000,0.82420,0.82420,0.82420,0.82420,0.00000
1758628080000.00000,0.82315,0.82315,0.82315,0.82315,15.66360
1758628140000.00000,0.82300,0.82300,0.82300,0.82300,6.68163
1758628200000.00000,0.82300,0.82300,0.82300,0.82300,1000.00000
1758628260000.00000,0.82230,0.82230,0.82217,0.82217,34.69929
1758628320000.00000,0.82246,0.82268,0.82246,0.82268,4248.41941
1758628380000.00000,0.82268,0.82268,0.82268,0.82268,0.00000
1758628440000.00000,0.82312,0.82312,0.82312,0.82312,11.96822
1758628500000.00000,0.82312,0.82312,0.82312,0.82312,0.00000
1758628560000.00000,0.82298,0.82298,0.82298,0.82298,23.99086
1758628620000.00000,0.82298,0.82298,0.82298,0.82298,0.00000
1758628680000.00000,0.82321,0.82321,0.82321,0.82321,295.56056
1758628740000.00000,0.82296,0.82297,0.82296,0.82297,544.55181
1758628800000.00000,0.82297,0.82297,0.82235,0.82235,3317.10264
1758628860000.00000,0.82235,0.82235,0.82235,0.82235,0.00000
1758628920000.00000,0.82205,0.82229,0.82183,0.82229,355.17823
1758628980000.00000,0.82225,0.82258,0.82221,0.82221,24393.16159
1758629040000.00000,0.82222,0.82311,0.82222,0.82311,133.17048
1758629100000.00000,0.82309,0.82309,0.82309,0.82309,11.97202
1758629160000.00000,0.82312,0.82312,0.82297,0.82297,36.40441
1758629220000.00000,0.82310,0.82373,0.82299,0.82299,1836.46082
1758629280000.00000,0.82284,0.82287,0.82254,0.82287,284.75070
1758629340000.00000,0.82266,0.82266,0.82179,0.82179,286.70246
1758629400000.00000,0.82136,0.82136,0.82130,0.82130,72.43832
1758629460000.00000,0.82243,0.82243,0.82243,0.82243,13.15612
1758629520000.00000,0.82230,0.82330,0.82230,0.82330,228.49470
1758629580000.00000,0.82357,0.82357,0.82345,0.82345,31.46108
1758629640000.00000,0.82355,0.82362,0.82355,0.82362,121.40486
1758629700000.00000,0.82362,0.82362,0.82362,0.82362,0.00000
1758629760000.00000,0.82353,0.82385,0.82353,0.82385,41.60260
1758629820000.00000,0.82370,0.82385,0.82370,0.82385,159.81435
1758629880000.00000,0.82392,0.82398,0.82392,0.82398,142.90475
1758629940000.00000,0.82368,0.82368,0.82294,0.82294,220.44893
1758630000000.00000,0.82294,0.82294,0.82290,0.82290,83.19535
1758630060000.00000,0.82222,0.82222,0.82214,0.82214,38.90000
1758630120000.00000,0.82126,0.82126,0.82126,0.82126,137.08110
1758630180000.00000,0.82126,0.82126,0.82126,0.82126,139.31451
1758630240000.00000,0.82126,0.82126,0.82070,0.82093,1947.97673
1758630300000.00000,0.82093,0.82131,0.82093,0.82103,137.60491
1758630360000.00000,0.82139,0.82192,0.82139,0.82192,36580.58862
1758630420000.00000,0.82192,0.82192,0.82192,0.82192,0.00000
1758630480000.00000,0.82192,0.82192,0.82151,0.82185,805.75841
1758630540000.00000,0.82184,0.82184,0.82158,0.82158,42.93893
1758630600000.00000,0.82107,0.82107,0.82066,0.82089,2573.01668
1758630660000.00000,0.82089,0.82089,0.82089,0.82089,0.00000
1758630720000.00000,0.82089,0.82089,0.82089,0.82089,0.00000
1758630780000.00000,0.82192,0.82227,0.82192,0.82196,947.42598
1758630840000.00000,0.82242,0.82242,0.82234,0.82234,921.42240
1758630900000.00000,0.82242,0.82250,0.82236,0.82250,1135.26735
1758630960000.00000,0.82250,0.82250,0.82199,0.82199,2285.16966
1758631020000.00000,0.82248,0.82248,0.82248,0.82248,606.56375
1758631080000.00000,0.82234,0.82260,0.82234,0.82260,629.30658
1758631140000.00000,0.82290,0.82365,0.82290,0.82365,485.28316
1758631200000.00000,0.82327,0.82327,0.82302,0.82302,82.81969
1758631260000.00000,0.82302,0.82315,0.82266,0.82307,677.69612
1758631320000.00000,0.82293,0.82293,0.82285,0.82285,235.43018
1758631380000.00000,0.82304,0.82375,0.82304,0.82375,22.54719
1758631440000.00000,0.82375,0.82440,0.82375,0.82440,243.21485
1758631500000.00000,0.82440,0.82488,0.82440,0.82488,2972.51784
1758631560000.00000,0.82490,0.82549,0.82490,0.82537,3030.38767
1758631620000.00000,0.82549,0.82575,0.82549,0.82575,2693.66559
1758631680000.00000,0.82604,0.82644,0.82603,0.82612,840.09430
1758631740000.00000,0.82593,0.82593,0.82576,0.82576,34163.59421
1758631800000.00000,0.82568,0.82568,0.82568,0.82568,1451.97316
1758631860000.00000,0.82525,0.82525,0.82500,0.82500,24.23874
1758631920000.00000,0.82500,0.82500,0.82390,0.82390,1551.72710
1758631980000.00000,0.82471,0.82484,0.82451,0.82484,1744.53608
1758632040000.00000,0.82487,0.82487,0.82406,0.82406,1740.88417
1758632100000.00000,0.82406,0.82406,0.82406,0.82406,0.00000
1758632160000.00000,0.82304,0.82316,0.82304,0.82316,1230.52652
1758632220000.00000,0.82321,0.82321,0.82321,0.82321,21.43488
1758632280000.00000,0.82321,0.82321,0.82321,0.82321,0.00000
1758632340000.00000,0.82381,0.82381,0.82381,0.82381,145.00780
1758632400000.00000,0.82375,0.82375,0.82375,0.82375,257.69520
1758632460000.00000,0.82375,0.82375,0.82375,0.82375,19.18053
1758632520000.00000,0.82304,0.82304,0.82304,0.82304,122.53339
1758632580000.00000,0.82300,0.82300,0.82225,0.82226,340.93931
1758632640000.00000,0.82260,0.82260,0.82237,0.82237,307.61166
1758632700000.00000,0.82270,0.82270,0.82246,0.82246,1304.09598
1758632760000.00000,0.82182,0.82182,0.82182,0.82182,132.93000
1758632820000.00000,0.82246,0.82246,0.82237,0.82237,84.24600
1758632880000.00000,0.82327,0.82327,0.82327,0.82327,30.77605
1758632940000.00000,0.82327,0.82376,0.82327,0.82363,5038.58774
1758633000000.00000,0.82363,0.82363,0.82363,0.82363,0.00000
1758633060000.00000,0.82308,0.82308,0.82308,0.82308,59.09000
1758633120000.00000,0.82268,0.82270,0.82268,0.82268,2321.20390
1758633180000.00000,0.82263,0.82288,0.82262,0.82286,80.54229
1758633240000.00000,0.82298,0.82298,0.82298,0.82298,411.85785
1758633300000.00000,0.82298,0.82298,0.82219,0.82219,239.49602
1758633360000.00000,0.82187,0.82192,0.82157,0.82157,845.55933
1758633420000.00000,0.82139,0.82139,0.82120,0.82126,7349.86137
1758633480000.00000,0.82138,0.82162,0.82138,0.82154,1576.71428
1758633540000.00000,0.82154,0.82154,0.82154,0.82154,0.00000
1758633600000.00000,0.82110,0.82110,0.82090,0.82090,135.00776
1758633660000.00000,0.82083,0.82083,0.82083,0.82083,41.80175
1758633720000.00000,0.82083,0.82083,0.82083,0.82083,0.00000
1758633780000.00000,0.82219,0.82219,0.82208,0.82208,172.38561
1758633840000.00000,0.82203,0.82203,0.82171,0.82171,1287.83791
1758633900000.00000,0.82195,0.82218,0.82173,0.82207,11174.36681
1758633960000.00000,0.82186,0.82189,0.82140,0.82141,4366.51406
1758634020000.00000,0.82141,0.82276,0.82141,0.82261,916.83230
1758634080000.00000,0.82264,0.82264,0.82240,0.82241,3403.56087
1758634140000.00000,0.82232,0.82232,0.82232,0.82232,765.55115
1758634200000.00000,0.82227,0.82233,0.82169,0.82225,915.37162
1758634260000.00000,0.82225,0.82225,0.82225,0.82225,0.00000
1758634320000.00000,0.82234,0.82234,0.82234,0.82234,400.00000
1758634380000.00000,0.82234,0.82315,0.82234,0.82315,407.24673
1758634440000.00000,0.82315,0.82488,0.82315,0.82488,4323.19035
1758634500000.00000,0.82477,0.82525,0.82471,0.82519,209.11587
1758634560000.00000,0.82480,0.82525,0.82377,0.82440,440.12927
1758634620000.00000,0.82427,0.82428,0.82222,0.82222,2312.20060
1758634680000.00000,0.82205,0.82273,0.82205,0.82273,843.18234
1758634740000.00000,0.82285,0.82463,0.82285,0.82463,2639.71107
1758634800000.00000,0.82478,0.82478,0.82447,0.82447,131.38777
1758634860000.00000,0.82243,0.82244,0.82243,0.82244,580.32568
1758634920000.00000,0.82205,0.82205,0.82124,0.82133,677.86652
1758634980000.00000,0.82033,0.82051,0.82033,0.82051,464.35331
1758635040000.00000,0.82051,0.82051,0.82051,0.82051,0.00000
1758635100000.00000,0.82151,0.82151,0.82089,0.82089,1123.86876
1758635160000.00000,0.82130,0.82218,0.82130,0.82218,832.95023
1758635220000.00000,0.82181,0.82181,0.82178,0.82178,114.77468
1758635280000.00000,0.82247,0.82247,0.82241,0.82241,32.77644
1758635340000.00000,0.82270,0.82310,0.82247,0.82247,473.43012
1758635400000.00000,0.82228,0.82249,0.82178,0.82178,409.45308
1758635460000.00000,0.82238,0.82238,0.82238,0.82238,8.63000
1758635520000.00000,0.82286,0.82286,0.82286,0.82286,1402.57000
1758635580000.00000,0.82276,0.82276,0.82246,0.82274,196.31652
1758635640000.00000,0.82200,0.82200,0.82200,0.82200,2226.29791
1758635700000.00000,0.82200,0.82200,0.82200,0.82200,0.00000
1758635760000.00000,0.82102,0.82102,0.82102,0.82102,38.17980
1758635820000.00000,0.82170,0.82251,0.82170,0.82244,12623.70313
1758635880000.00000,0.82222,0.82222,0.82157,0.82192,2810.53489
1758635940000.00000,0.82174,0.82193,0.82174,0.82193,5713.07638
1758636000000.00000,0.82164,0.82173,0.82154,0.82173,669.58295
1758636060000.00000,0.82259,0.82288,0.82259,0.82288,1424.30000
1758636120000.00000,0.82296,0.82296,0.82296,0.82296,5.97055
1758636180000.00000,0.82301,0.82301,0.82164,0.82165,343.84000
1758636240000.00000,0.82165,0.82282,0.82164,0.82279,242.29224
1758636300000.00000,0.82347,0.82451,0.82347,0.82448,2419.77479
1758636360000.00000,0.82441,0.82489,0.82368,0.82368,5281.43905
1758636420000.00000,0.82358,0.82366,0.82260,0.82260,48771.16015
1758636480000.00000,0.82260,0.82394,0.82230,0.82394,212053.97477
1758636540000.00000,0.82394,0.82510,0.82390,0.82510,121660.32647
1758636600000.00000,0.82525,0.82525,0.82525,0.82525,236.97291
1758636660000.00000,0.82525,0.82616,0.82525,0.82616,104829.72317
1758636720000.00000,0.82515,0.82563,0.82452,0.82452,279.23215
1758636780000.00000,0.82381,0.82381,0.82381,0.82381,19.32055
1758636840000.00000,0.82381,0.82381,0.82381,0.82381,0.00000
1758636900000.00000,0.82381,0.82381,0.82381,0.82381,0.00000
1758636960000.00000,0.82410,0.82410,0.82395,0.82395,23.57155
1758637020000.00000,0.82473,0.82485,0.82434,0.82434,1541.85486
1758637080000.00000,0.82434,0.82434,0.82434,0.82434,0.00000
1758637140000.00000,0.82359,0.82359,0.82359,0.82359,204.53000
1758637200000.00000,0.82359,0.82359,0.82359,0.82359,0.00000
1758637260000.00000,0.82184,0.82184,0.82139,0.82140,95018.87468
1758637320000.00000,0.82140,0.82140,0.82110,0.82110,39760.42674
1758637380000.00000,0.82143,0.82166,0.82106,0.82148,249724.42276
1758637440000.00000,0.82169,0.82169,0.82125,0.82125,65.29494
1758637500000.00000,0.82121,0.82142,0.82121,0.82142,104.41163
1758637560000.00000,0.82158,0.82158,0.82104,0.82129,273.50595
1758637620000.00000,0.82128,0.82128,0.82128,0.82128,56.58355
1758637680000.00000,0.82142,0.82234,0.82142,0.82234,14.30289
1758637740000.00000,0.82244,0.82244,0.82244,0.82244,36.36108
1758637800000.00000,0.82244,0.82244,0.82219,0.82219,90.61761
1758637860000.00000,0.82244,0.82303,0.82185,0.82185,318.65606
1758637920000.00000,0.82196,0.82196,0.82181,0.82181,5339.93848
1758637980000.00000,0.82253,0.82253,0.82153,0.82153,5143.05588
1758638040000.00000,0.82122,0.82122,0.81948,0.81948,1559.25037
1758638100000.00000,0.81945,0.81945,0.81733,0.81794,35698.51681
1758638160000.00000,0.81826,0.81826,0.81777,0.81820,1349.00280
1758638220000.00000,0.81852,0.81852,0.81852,0.81852,2641.70306
1758638280000.00000,0.81914,0.81989,0.81880,0.81884,344.73772
1758638340000.00000,0.81884,0.81884,0.81884,0.81884,0.00000
1758638400000.00000,0.81956,0.81956,0.81908,0.81908,3170.53431
1758638460000.00000,0.82075,0.82120,0.82075,0.82120,43.68587
1758638520000.00000,0.82120,0.82199,0.82120,0.82152,82.15692
1758638580000.00000,0.82115,0.82168,0.82115,0.82159,305.47982
1758638640000.00000,0.82159,0.82159,0.82159,0.82159,0.00000
1758638700000.00000,0.82159,0.82159,0.82159,0.82159,0.00000
1758638760000.00000,0.82005,0.82005,0.81971,0.81971,7.82957
1758638820000.00000,0.81936,0.81936,0.81936,0.81936,500.00000
1758638880000.00000,0.81917,0.81939,0.81917,0.81939,31.87836
1758638940000.00000,0.81946,0.81979,0.81946,0.81979,54.93878
1758639000000.00000,0.81876,0.81876,0.81815,0.81815,2457.56722
1758639060000.00000,0.81847,0.81847,0.81755,0.81755,530.77455
1758639120000.00000,0.81870,0.81870,0.81870,0.81870,42.75049
1758639180000.00000,0.81824,0.81824,0.81824,0.81824,115.98806
1758639240000.00000,0.81866,0.81950,0.81866,0.81950,1311.86397
1758639300000.00000,0.81950,0.82032,0.81950,0.82032,1241.58626
1758639360000.00000,0.82032,0.82046,0.82016,0.82016,63.55947
1758639420000.00000,0.82028,0.82028,0.81946,0.81946,369.71490
1758639480000.00000,0.81922,0.81922,0.81922,0.81922,11.91310
1758639540000.00000,0.81919,0.81919,0.81919,0.81919,59.40205
1758639600000.00000,0.81803,0.81816,0.81803,0.81816,34.78172
1758639660000.00000,0.81724,0.81724,0.81650,0.81650,1364.81232
1758639720000.00000,0.81730,0.81730,0.81730,0.81730,4.18530
1758639780000.00000,0.81650,0.81650,0.81650,0.81650,7877.26092
1758639840000.00000,0.81783,0.81783,0.81778,0.81778,3114.05004
1758639900000.00000,0.81850,0.81850,0.81850,0.81850,239.73122
1758639960000.00000,0.81974,0.81974,0.81853,0.81900,197199.90613
1758640020000.00000,0.81965,0.81965,0.81901,0.81901,10345.97054
1758640080000.00000,0.81843,0.81843,0.81790,0.81790,7787.54972
1758640140000.00000,0.81927,0.81927,0.81927,0.81927,13.17033
1758640200000.00000,0.82013,0.82017,0.81999,0.81999,1262.95158
1758640260000.00000,0.82017,0.82088,0.82017,0.82088,1264.87472
1758640320000.00000,0.82227,0.82249,0.82215,0.82215,2021.53695
1758640380000.00000,0.82185,0.82305,0.82167,0.82252,1604.51083
1758640440000.00000,0.82210,0.82214,0.82187,0.82187,55.18069
1758640500000.00000,0.82187,0.82187,0.82168,0.82168,476.93882
1758640560000.00000,0.82197,0.82197,0.82119,0.82167,24355.22132
1758640620000.00000,0.82137,0.82138,0.82137,0.82138,155.96778
1758640680000.00000,0.82097,0.82125,0.82083,0.82125,57.01632
1758640740000.00000,0.82100,0.82100,0.82066,0.82066,12.06359
1758640800000.00000,0.82000,0.82000,0.82000,0.82000,144.52512
1758640860000.00000,0.82000,0.82000,0.81936,0.81936,2734.50838
1758640920000.00000,0.81976,0.81996,0.81976,0.81996,35.86347
1758640980000.00000,0.82083,0.82181,0.82083,0.82181,594.88285
1758641040000.00000,0.82190,0.82313,0.82190,0.82313,9906.18859
1758641100000.00000,0.82312,0.82312,0.82292,0.82292,78.98220
1758641160000.00000,0.82292,0.82335,0.82292,0.82318,5970.81701
1758641220000.00000,0.82375,0.82375,0.82340,0.82340,748.30401
1758641280000.00000,0.82411,0.82411,0.82411,0.82411,861.22000
1758641340000.00000,0.82323,0.82323,0.82323,0.82323,32.14127
1758641400000.00000,0.82323,0.82323,0.82323,0.82323,5.38019
1758641460000.00000,0.82323,0.82323,0.82238,0.82238,8975.72161
1758641520000.00000,0.82234,0.82234,0.82184,0.82186,1233.92789
1758641580000.00000,0.82198,0.82198,0.82158,0.82158,22.35348
1758641640000.00000,0.82154,0.82206,0.82152,0.82180,52.06660
1758641700000.00000,0.82228,0.82692,0.82222,0.82350,1823192.47072
1758641760000.00000,0.82350,0.82350,0.82310,0.82336,132008.23534
1758641820000.00000,0.82335,0.82364,0.82335,0.82362,105824.59392
1758641880000.00000,0.82329,0.82344,0.82249,0.82344,36905.51254
1758641940000.00000,0.82370,0.82380,0.82354,0.82354,7641.18319
1758642000000.00000,0.82315,0.82315,0.82237,0.82237,765.86173
1758642060000.00000,0.82233,0.82233,0.82211,0.82211,557.10312
1758642120000.00000,0.82213,0.82213,0.82167,0.82167,20362.49460
1758642180000.00000,0.82163,0.82163,0.82161,0.82161,280.29389
1758642240000.00000,0.82168,0.82187,0.82168,0.82187,11853.95235
1758642300000.00000,0.82187,0.82197,0.82187,0.82195,1123.80879
1758642360000.00000,0.82195,0.82195,0.82183,0.82189,1071.41146
1758642420000.00000,0.82197,0.82198,0.82197,0.82198,1237.09562
1758642480000.00000,0.82235,0.82235,0.82183,0.82183,327.47778
1758642540000.00000,0.82183,0.82183,0.82183,0.82183,82.86127
1758642600000.00000,0.82205,0.82222,0.82205,0.82222,156.18689
1758642660000.00000,0.82222,0.82222,0.82222,0.82222,0.00000
1758642720000.00000,0.82268,0.82302,0.82268,0.82302,119.74053
1758642780000.00000,0.82363,0.82363,0.82216,0.82216,6508.51735
1758642840000.00000,0.82216,0.82216,0.82216,0.82216,7000.00000
1758642900000.00000,0.82253,0.82253,0.82253,0.82253,44.30153
1758642960000.00000,0.82232,0.82232,0.82183,0.82183,1159.66649
1758643020000.00000,0.82183,0.82204,0.82183,0.82204,51.32298
1758643080000.00000,0.82277,0.82277,0.82277,0.82277,45.96195
1758643140000.00000,0.82279,0.82279,0.82279,0.82279,1724.38728
1758643200000.00000,0.82279,0.82323,0.82279,0.82323,1184.07549
1758643260000.00000,0.82323,0.82349,0.82323,0.82349,189.81558
1758643320000.00000,0.82323,0.82323,0.82183,0.82183,11448.53042
1758643380000.00000,0.82183,0.82183,0.82125,0.82170,3154.27953
1758643440000.00000,0.82170,0.82170,0.82170,0.82170,0.00000
1758643500000.00000,0.82160,0.82160,0.82160,0.82160,17.72580
1758643560000.00000,0.82151,0.82151,0.82107,0.82114,2575.04641
1758643620000.00000,0.82027,0.82027,0.82027,0.82027,35.16330
1758643680000.00000,0.82000,0.82000,0.81901,0.81901,659.19426
1758643740000.00000,0.81872,0.81877,0.81830,0.81877,1466.06475
1758643800000.00000,0.81890,0.81895,0.81838,0.81838,34.06331
1758643860000.00000,0.81838,0.81838,0.81838,0.81838,0.00000
1758643920000.00000,0.81912,0.81912,0.81912,0.81912,6220.47555
1758643980000.00000,0.81812,0.81895,0.81812,0.81895,22.49012
1758644040000.00000,0.81895,0.81895,0.81895,0.81895,0.00000
1758644100000.00000,0.82007,0.82007,0.82007,0.82007,17.48419
1758644160000.00000,0.82009,0.82009,0.82009,0.82009,6318.46980
