1758449700000.00000,115733.70000,115733.70000,115733.60000,115733.60000,0.01576
1758450000000.00000,115733.70000,115733.70000,115666.70000,115666.80000,0.30176
1758450300000.00000,115666.70000,115666.80000,115666.70000,115666.70000,0.02107
1758450600000.00000,115666.80000,115666.80000,115666.70000,115666.80000,0.01510
1758450900000.00000,115666.70000,115666.80000,115639.30000,115639.60000,0.19247
1758451200000.00000,115639.50000,115639.60000,115639.50000,115639.60000,0.13775
1758451500000.00000,115639.50000,115639.60000,115587.60000,115587.60000,0.28394
1758451800000.00000,115587.50000,115587.50000,115566.40000,115566.40000,1.14690
1758452100000.00000,115566.50000,115590.00000,115566.40000,115590.00000,0.25839
1758452400000.00000,115590.00000,115590.00000,115580.40000,115580.40000,0.13788
1758452700000.00000,115580.50000,115687.40000,115580.50000,115687.40000,0.15652
1758453000000.00000,115687.40000,115687.40000,115608.00000,115687.40000,21.21396
1758453300000.00000,115687.40000,115687.40000,115687.30000,115687.30000,0.07264
1758453600000.00000,115687.30000,115687.30000,115685.40000,115685.50000,0.09725
1758453900000.00000,115685.40000,115685.50000,115685.40000,115685.50000,0.01594
1758454200000.00000,115685.50000,115698.70000,115685.50000,115698.70000,0.02666
1758454500000.00000,115698.60000,115708.60000,115698.60000,115708.50000,0.03436
1758454800000.00000,115708.50000,115743.90000,115708.50000,115741.30000,0.21953
1758455100000.00000,115741.20000,115741.30000,115741.20000,115741.20000,0.42936
1758455400000.00000,115741.30000,115741.30000,115660.30000,115660.40000,0.34971
1758455700000.00000,115660.30000,115662.90000,115660.30000,115662.90000,0.64369
1758456000000.00000,115662.90000,115670.00000,115662.80000,115669.90000,0.07493
1758456300000.00000,115670.00000,115686.00000,115669.90000,115686.00000,0.09072
1758456600000.00000,115686.00000,115740.70000,115686.00000,115740.70000,0.06459
1758456900000.00000,115740.70000,115756.80000,115740.60000,115756.80000,0.20223
1758457200000.00000,115756.70000,115756.80000,115756.70000,115756.70000,0.74118
1758457500000.00000,115756.80000,115758.70000,115756.70000,115758.70000,0.28545
1758457800000.00000,115758.70000,115768.90000,115758.60000,115768.80000,0.77299
1758458100000.00000,115768.80000,115783.80000,115768.80000,115783.80000,0.08026
1758458400000.00000,115783.80000,115783.80000,115783.70000,115783.80000,0.14582
1758458700000.00000,115783.80000,115783.80000,115783.70000,115783.70000,0.05781
1758459000000.00000,115783.80000,115783.80000,115783.70000,115783.80000,0.07982
1758459300000.00000,115783.80000,115783.80000,115783.70000,115783.70000,0.13512
1758459600000.00000,115783.80000,115783.80000,115783.70000,115783.80000,0.14614
1758459900000.00000,115783.80000,115783.80000,115774.30000,115774.40000,0.50717
1758460200000.00000,115774.40000,115774.40000,115774.30000,115774.40000,0.12219
1758460500000.00000,115774.40000,115774.40000,115774.30000,115774.30000,0.04905
1758460800000.00000,115774.30000,115774.40000,115774.20000,115774.30000,0.11904
1758461100000.00000,115774.20000,115774.20000,115750.60000,115752.20000,0.57775
1758461400000.00000,115752.10000,115768.70000,115752.10000,115768.60000,0.11925
1758461700000.00000,115768.60000,115768.70000,115768.60000,115768.60000,0.04600
1758462000000.00000,115768.70000,115768.70000,115768.60000,115768.60000,0.20240
1758462300000.00000,115768.60000,115768.70000,115700.00000,115700.30000,0.14058
1758462600000.00000,115700.20000,115700.30000,115700.20000,115700.30000,0.08544
1758462900000.00000,115700.30000,115700.30000,115700.20000,115700.30000,0.19248
1758463200000.00000,115700.30000,115700.30000,115700.20000,115700.20000,0.05194
1758463500000.00000,115700.30000,115700.30000,115700.20000,115700.30000,0.14756
1758463800000.00000,115700.30000,115700.30000,115700.20000,115700.30000,0.07854
1758464100000.00000,115700.30000,115723.00000,115700.20000,115719.20000,0.15031
1758464400000.00000,115719.20000,115719.30000,115663.50000,115663.50000,0.59600
1758464700000.00000,115663.50000,115663.50000,115662.80000,115662.90000,0.06878
1758465000000.00000,115662.80000,115662.90000,115628.60000,115628.90000,24.38946
1758465300000.00000,115628.90000,115629.00000,115620.50000,115620.50000,0.63538
1758465600000.00000,115620.60000,115714.20000,115619.10000,115710.40000,18.85590
1758465900000.00000,115710.50000,115725.00000,115648.10000,115648.20000,0.96234
1758466200000.00000,115648.20000,115648.20000,115619.10000,115619.10000,0.24191
1758466500000.00000,115619.10000,115619.20000,115615.00000,115615.10000,0.37799
1758466800000.00000,115615.10000,115615.10000,115555.20000,115555.20000,1.71467
1758467100000.00000,115555.30000,115617.20000,115555.20000,115617.20000,0.16136
1758467400000.00000,115617.20000,115617.20000,115617.10000,115617.20000,0.98373
1758467700000.00000,115617.20000,115619.30000,115601.70000,115619.30000,7.11973
1758468000000.00000,115619.30000,115619.30000,115576.90000,115577.00000,0.33253
1758468300000.00000,115576.90000,115576.90000,115555.30000,115555.30000,0.58611
1758468600000.00000,115555.30000,115556.10000,115555.30000,115556.00000,0.04897
1758468900000.00000,115556.10000,115601.50000,115555.30000,115601.40000,1.51021
1758469200000.00000,115601.40000,115636.00000,115601.40000,115636.00000,6.98681
1758469500000.00000,115637.40000,115660.00000,115637.40000,115660.00000,0.13895
1758469800000.00000,115660.00000,115660.00000,115659.90000,115659.90000,0.05951
1758470100000.00000,115660.00000,115660.00000,115600.00000,115600.00000,0.48330
1758470400000.00000,115600.10000,115600.10000,115600.00000,115600.10000,0.16793
1758470700000.00000,115600.10000,115600.10000,115576.30000,115576.40000,0.64828
1758471000000.00000,115576.30000,115576.40000,115541.10000,115544.20000,0.54414
1758471300000.00000,115544.20000,115544.30000,115500.00000,115500.10000,0.19169
1758471600000.00000,115500.10000,115500.10000,115475.00000,115475.00000,0.14155
1758471900000.00000,115475.10000,115475.10000,115448.00000,115448.20000,0.38870
1758472200000.00000,115452.10000,115452.10000,115452.00000,115452.10000,0.20531
1758472500000.00000,115452.10000,115452.10000,115420.00000,115420.00000,0.34740
1758472800000.00000,115420.10000,115420.10000,115420.00000,115420.00000,0.33858
1758473100000.00000,115420.10000,115420.10000,115305.10000,115328.50000,30.32176
1758473400000.00000,115328.60000,115328.60000,115320.00000,115320.10000,0.37702
1758473700000.00000,115320.10000,115375.90000,115320.00000,115375.90000,2.64323
1758474000000.00000,115375.90000,115393.30000,115375.90000,115393.30000,0.18579
1758474300000.00000,115393.30000,115393.30000,115393.20000,115393.30000,0.07228
1758474600000.00000,115393.30000,115393.30000,115359.10000,115359.20000,1.21529
1758474900000.00000,115359.20000,115382.20000,115359.10000,115382.20000,0.20566
1758475200000.00000,115382.10000,115448.00000,115382.10000,115447.90000,0.47989
1758475500000.00000,115448.00000,115448.00000,115447.90000,115448.00000,0.24006
1758475800000.00000,115448.20000,115448.20000,115447.90000,115448.00000,0.25518
1758476100000.00000,115448.00000,115454.10000,115436.60000,115441.00000,0.33008
1758476400000.00000,115441.00000,115454.80000,115440.90000,115454.80000,0.21214
1758476700000.00000,115454.80000,115454.80000,115454.70000,115454.80000,0.02231
1758477000000.00000,115459.40000,115570.00000,115459.40000,115570.00000,0.40811
1758477300000.00000,115570.00000,115600.10000,115569.90000,115600.10000,0.20109
1758477600000.00000,115600.10000,115660.00000,115600.00000,115659.90000,0.33504
1758477900000.00000,115662.60000,115679.60000,115662.60000,115679.60000,0.30262
1758478200000.00000,115679.50000,115679.60000,115679.50000,115679.60000,0.36269
1758478500000.00000,115679.60000,115679.60000,115679.50000,115679.60000,0.18721
1758478800000.00000,115679.50000,115679.60000,115587.40000,115587.50000,1.18591
1758479100000.00000,115587.50000,115587.50000,115587.40000,115587.50000,0.33552
1758479400000.00000,115587.50000,115621.00000,115587.40000,115620.90000,0.25404
1758479700000.00000,115624.00000,115625.10000,115623.90000,115625.10000,0.08545
1758480000000.00000,115625.00000,115625.10000,115579.60000,115579.60000,0.34611
1758480300000.00000,115579.60000,115594.60000,115579.60000,115594.60000,0.09878
1758480600000.00000,115594.50000,115594.60000,115582.00000,115591.60000,0.11760
1758480900000.00000,115591.60000,115593.10000,115591.60000,115593.10000,0.10238
1758481200000.00000,115593.10000,115593.10000,115593.00000,115593.00000,0.39047
1758481500000.00000,115593.10000,115593.10000,115454.70000,115454.80000,1.26099
1758481800000.00000,115454.80000,115454.80000,115454.70000,115454.70000,0.12924
1758482100000.00000,115454.80000,115454.80000,115454.70000,115454.70000,0.05460
1758482400000.00000,115454.80000,115517.00000,115454.70000,115516.90000,21.53832
1758482700000.00000,115516.80000,115553.70000,115516.80000,115553.70000,9.35758
1758483000000.00000,115553.70000,115574.80000,115553.60000,115574.70000,0.18030
1758483300000.00000,115574.70000,115574.80000,115574.70000,115574.70000,0.06034
1758483600000.00000,115574.80000,115574.80000,115515.60000,115518.20000,0.41733
1758483900000.00000,115518.20000,115518.20000,115518.10000,115518.10000,0.27547
1758484200000.00000,115518.10000,115518.20000,115518.10000,115518.20000,0.16842
1758484500000.00000,115518.20000,115518.20000,115518.10000,115518.20000,0.07031
1758484800000.00000,115518.20000,115522.60000,115518.10000,115522.60000,0.26121
1758485100000.00000,115522.60000,115522.60000,115502.00000,115502.00000,0.41332
1758485400000.00000,115502.00000,115502.00000,115500.00000,115500.10000,0.12114
1758485700000.00000,115500.10000,115500.10000,115500.00000,115500.10000,0.54812
1758486000000.00000,115506.10000,115525.10000,115506.00000,115525.10000,0.05243
1758486300000.00000,115525.10000,115555.40000,115525.00000,115555.30000,1.09121
1758486600000.00000,115555.40000,115555.40000,115555.30000,115555.40000,0.18092
1758486900000.00000,115555.40000,115555.40000,115525.00000,115525.10000,0.15362
1758487200000.00000,115525.10000,115525.10000,115462.50000,115462.60000,1.05189
1758487500000.00000,115462.50000,115465.30000,115455.70000,115465.30000,0.11499
1758487800000.00000,115465.30000,115465.30000,115465.20000,115465.30000,0.23721
1758488100000.00000,115465.30000,115465.30000,115437.40000,115437.40000,0.32283
1758488400000.00000,115436.60000,115436.60000,115375.00000,115375.00000,0.37370
1758488700000.00000,115375.10000,115375.10000,115375.00000,115375.00000,1.53372
1758489000000.00000,115375.10000,115375.10000,115375.00000,115375.00000,0.05999
1758489300000.00000,115375.10000,115375.10000,115375.00000,115375.00000,0.27042
1758489600000.00000,115375.10000,115375.10000,115335.70000,115335.70000,0.44946
1758489900000.00000,115335.80000,115335.80000,115320.50000,115320.50000,2.13700
1758490200000.00000,115320.60000,115386.50000,115320.50000,115386.50000,2.90977
1758490500000.00000,115386.40000,115400.00000,115386.40000,115399.90000,0.06483
1758490800000.00000,115399.90000,115457.30000,115399.90000,115457.30000,0.40177
1758491100000.00000,115457.20000,115475.80000,115457.20000,115475.70000,0.11880
1758491400000.00000,115475.80000,115475.80000,115411.70000,115411.80000,0.37537
1758491700000.00000,115411.70000,115411.80000,115411.70000,115411.80000,0.99667
1758492000000.00000,115411.70000,115475.80000,115411.70000,115475.70000,0.83929
1758492300000.00000,115475.70000,115475.80000,115421.10000,115421.20000,0.41100
1758492600000.00000,115421.10000,115421.10000,115301.00000,115301.10000,0.52469
1758492900000.00000,115301.10000,115325.20000,115281.80000,115303.50000,33.36987
1758493200000.00000,115303.60000,115347.10000,115259.40000,115347.00000,11.71973
1758493500000.00000,115347.10000,115394.30000,115347.00000,115379.10000,1.38886
1758493800000.00000,115379.10000,115379.10000,115379.00000,115379.00000,0.11017
1758494100000.00000,115379.10000,115379.10000,115365.80000,115379.10000,0.40338
1758494400000.00000,115379.10000,115475.00000,115379.10000,115475.00000,1.10437
1758494700000.00000,115487.10000,115569.40000,115487.10000,115541.00000,3.50308
1758495000000.00000,115541.00000,115541.00000,115540.90000,115541.00000,0.13102
1758495300000.00000,115541.00000,115541.00000,115540.90000,115541.00000,0.06480
1758495600000.00000,115541.00000,115541.00000,115423.90000,115423.90000,0.21919
1758495900000.00000,115424.00000,115424.00000,115350.00000,115350.10000,2.09988
1758496200000.00000,115350.10000,115350.10000,115350.00000,115350.10000,0.35013
1758496500000.00000,115350.10000,115350.10000,115286.00000,115286.10000,1.40616
1758496800000.00000,115286.10000,115286.10000,115286.00000,115286.10000,0.13802
1758497100000.00000,115286.10000,115286.10000,115286.00000,115286.10000,0.15989
1758497400000.00000,115289.10000,115296.00000,115289.00000,115296.00000,0.74874
1758497700000.00000,115296.00000,115296.00000,115295.90000,115296.00000,0.11375
1758498000000.00000,115296.00000,115296.00000,115295.90000,115296.00000,0.06282
1758498300000.00000,115296.00000,115296.00000,115295.90000,115296.00000,0.07357
1758498600000.00000,115295.90000,115299.00000,115295.90000,115299.00000,0.39919
1758498900000.00000,115299.00000,115299.00000,115298.90000,115298.90000,0.05150
1758499200000.00000,115299.00000,115390.40000,115298.90000,115390.30000,0.59462
1758499500000.00000,115390.40000,115400.00000,115390.30000,115400.00000,0.09038
1758499800000.00000,115400.00000,115410.00000,115360.10000,115360.10000,2.37888
1758500100000.00000,115360.10000,115360.10000,115285.90000,115285.90000,3.13249
1758500400000.00000,115285.90000,115286.00000,115213.50000,115234.70000,12.31368
1758500700000.00000,115234.70000,115253.90000,115217.00000,115247.30000,2.94152
1758501000000.00000,115247.30000,115247.30000,114827.40000,115024.70000,80.32981
1758501300000.00000,115014.50000,115029.90000,114820.00000,114820.10000,33.73671
1758501600000.00000,114820.00000,114987.50000,114820.00000,114904.20000,1.69633
1758501900000.00000,114904.20000,114904.20000,114700.00000,114700.10000,34.13286
1758502200000.00000,114700.00000,114700.00000,114400.00000,114630.10000,36.31846
1758502500000.00000,114630.10000,114630.10000,114487.60000,114543.70000,22.08635
1758502800000.00000,114543.70000,114543.70000,114422.50000,114538.00000,3.05396
1758503100000.00000,114535.70000,114543.80000,114444.30000,114444.40000,1.98258
1758503400000.00000,114444.40000,114637.40000,114444.30000,114637.40000,3.74636
1758503700000.00000,114650.10000,114731.60000,114592.80000,114594.10000,2.04694
1758504000000.00000,114594.00000,114644.70000,114594.00000,114604.60000,1.24946
1758504300000.00000,114604.60000,114710.70000,114566.40000,114710.70000,1.53689
1758504600000.00000,114710.60000,114798.90000,114654.90000,114779.70000,1.29211
1758504900000.00000,114779.70000,114783.30000,114750.00000,114750.10000,0.29346
1758505200000.00000,114760.60000,114787.10000,114700.00000,114700.10000,2.36754
1758505500000.00000,114700.00000,114700.10000,114700.00000,114700.00000,0.62535
1758505800000.00000,114700.00000,114700.10000,114422.50000,114422.50000,13.10241
1758506100000.00000,114422.50000,114422.60000,114326.60000,114332.80000,35.02192
1758506400000.00000,114332.80000,114565.50000,114332.70000,114550.20000,4.67388
1758506700000.00000,114550.30000,114582.30000,114402.80000,114582.30000,2.44861
1758507000000.00000,114578.40000,114578.40000,114405.40000,114420.00000,6.34212
1758507300000.00000,114419.90000,114500.00000,114419.90000,114499.90000,10.20167
1758507600000.00000,114499.90000,114519.60000,114499.90000,114519.50000,0.62747
1758507900000.00000,114519.50000,114609.30000,114470.80000,114573.20000,5.80333
1758508200000.00000,114573.20000,114573.20000,114237.50000,114317.60000,36.51926
1758508500000.00000,114317.60000,114366.90000,114284.00000,114325.10000,7.44505
1758508800000.00000,114325.10000,114412.50000,114325.10000,114359.90000,0.87028
1758509100000.00000,114359.90000,114375.10000,114359.70000,114375.10000,0.23054
1758509400000.00000,114379.10000,114442.90000,114379.10000,114387.50000,0.31533
1758509700000.00000,114387.40000,114387.40000,114315.80000,114315.80000,3.62365
1758510000000.00000,114315.80000,114359.90000,114300.00000,114359.90000,1.71496
1758510300000.00000,114359.90000,114422.80000,114359.80000,114397.00000,0.66207
1758510600000.00000,114396.90000,114401.60000,114387.30000,114387.60000,3.65207
1758510900000.00000,114387.60000,114442.90000,114387.50000,114442.80000,0.16415
1758511200000.00000,114442.90000,114473.70000,114442.80000,114473.70000,0.44581
1758511500000.00000,114473.60000,114518.50000,114427.90000,114518.50000,1.50761
1758511800000.00000,114518.40000,114544.80000,114518.40000,114518.50000,0.61117
1758512100000.00000,114518.40000,114518.40000,114456.10000,114456.20000,0.09064
1758512400000.00000,114456.20000,114578.80000,114456.10000,114578.70000,0.73686
1758512700000.00000,114578.70000,114671.60000,114577.40000,114671.60000,14.10813
1758513000000.00000,114671.50000,114688.00000,114654.90000,114683.10000,6.33193
1758513300000.00000,114683.10000,114683.10000,114683.00000,114683.10000,0.02013
1758513600000.00000,114683.10000,114695.60000,114681.40000,114695.10000,0.71062
1758513900000.00000,114695.10000,114695.10000,114616.10000,114616.10000,0.19659
1758514200000.00000,114616.20000,114616.20000,114525.00000,114525.10000,0.19583
1758514500000.00000,114525.10000,114525.10000,114524.90000,114525.00000,0.38366
1758514800000.00000,114525.00000,114525.00000,114524.90000,114525.00000,2.21880
1758515100000.00000,114524.90000,114525.00000,114524.90000,114525.00000,0.07560
1758515400000.00000,114525.00000,114603.70000,114524.90000,114567.70000,0.95230
1758515700000.00000,114562.50000,114562.60000,114535.00000,114535.10000,2.04587
1758516000000.00000,114535.10000,114535.10000,114534.90000,114535.00000,0.17039
1758516300000.00000,114534.90000,114535.00000,114524.90000,114524.90000,0.39263
1758516600000.00000,114524.90000,114525.00000,114459.60000,114475.60000,0.44856
1758516900000.00000,114475.60000,114475.60000,114475.40000,114475.50000,2.01066
1758517200000.00000,114475.50000,114475.50000,114430.50000,114450.30000,2.02706
1758517500000.00000,114450.30000,114450.40000,114450.30000,114450.30000,0.21092
1758517800000.00000,114450.40000,114450.40000,114426.20000,114450.40000,0.46067
1758518100000.00000,114450.30000,114450.40000,114415.70000,114435.00000,2.15299
1758518400000.00000,114435.00000,114535.20000,114418.40000,114535.20000,2.61127
1758518700000.00000,114535.20000,114588.20000,114535.20000,114588.20000,1.79218
1758519000000.00000,114588.20000,114588.20000,114545.00000,114545.00000,1.08810
1758519300000.00000,114545.10000,114545.10000,114522.10000,114522.10000,0.23132
1758519600000.00000,114522.10000,114522.20000,114451.60000,114451.70000,0.17487
1758519900000.00000,114451.60000,114451.60000,114387.10000,114418.60000,2.08383
1758520200000.00000,114418.70000,114437.50000,114387.00000,114387.00000,13.16456
1758520500000.00000,114386.90000,114386.90000,113700.00000,113770.00000,27.56433
1758520800000.00000,113777.10000,113777.10000,111730.30000,112584.00000,275.06943
1758521100000.00000,112584.00000,112900.00000,112583.90000,112800.10000,13.94817
1758521400000.00000,112800.10000,113137.40000,112736.20000,113125.00000,31.62072
1758521700000.00000,113112.50000,113156.50000,112887.60000,113139.00000,2.17412
1758522000000.00000,113139.10000,113139.10000,112831.90000,112987.40000,3.55801
1758522300000.00000,112987.50000,113045.20000,112753.00000,112849.90000,5.88075
1758522600000.00000,112862.60000,112862.60000,112775.20000,112776.50000,22.40248
1758522900000.00000,112776.40000,113045.70000,112776.40000,113024.40000,10.26751
1758523200000.00000,113024.40000,113024.50000,112937.30000,112962.30000,2.56143
1758523500000.00000,112962.30000,113036.20000,112962.20000,113025.00000,7.66274
1758523800000.00000,113034.80000,113074.90000,112987.50000,112987.50000,9.67973
1758524100000.00000,112986.80000,112986.80000,112837.30000,112906.70000,5.91145
1758524400000.00000,112904.60000,112904.60000,112750.70000,112874.20000,3.58000
1758524700000.00000,112874.20000,112935.70000,112874.10000,112935.70000,1.05934
1758525000000.00000,112935.70000,112935.70000,112800.00000,112800.00000,4.67143
1758525300000.00000,112800.00000,112800.00000,112758.50000,112758.60000,0.64016
1758525600000.00000,112758.60000,112784.80000,112755.00000,112784.70000,1.64567
1758525900000.00000,112784.80000,112800.00000,112710.20000,112800.00000,1.29235
1758526200000.00000,112800.00000,112943.50000,112799.90000,112943.50000,2.70355
1758526500000.00000,112943.50000,112943.50000,112888.20000,112909.10000,1.33367
1758526800000.00000,112909.10000,113054.50000,112909.00000,113054.40000,1.40465
1758527100000.00000,113054.40000,113054.50000,113054.40000,113054.40000,1.85519
1758527400000.00000,113054.40000,113054.40000,112615.50000,112615.60000,16.52981
1758527700000.00000,112637.20000,112637.30000,112600.00000,112600.00000,8.41148
1758528000000.00000,112600.10000,112600.10000,112600.00000,112600.00000,9.33510
1758528300000.00000,112600.10000,112762.60000,112600.00000,112762.60000,2.32037
1758528600000.00000,112765.80000,112795.40000,112702.50000,112702.50000,3.64122
1758528900000.00000,112708.50000,112724.80000,112665.30000,112724.80000,1.27292
1758529200000.00000,112724.90000,112741.50000,112724.90000,112741.50000,1.77680
1758529500000.00000,112741.50000,112752.20000,112650.00000,112687.50000,6.60551
1758529800000.00000,112687.50000,112687.50000,112679.90000,112687.40000,1.15615
1758530100000.00000,112687.40000,112799.40000,112687.40000,112799.30000,2.33298
1758530400000.00000,112799.40000,112799.40000,112774.90000,112779.90000,0.97364
1758530700000.00000,112779.90000,112780.00000,112779.80000,112780.00000,0.63398
1758531000000.00000,112780.00000,112780.00000,112779.90000,112779.90000,0.18519
1758531300000.00000,112779.90000,112780.00000,112779.90000,112780.00000,0.14741
1758531600000.00000,112780.00000,112780.00000,112700.70000,112703.20000,2.64892
1758531900000.00000,112703.30000,112703.30000,112634.10000,112669.80000,3.65002
1758532200000.00000,112669.80000,112669.80000,112583.80000,112583.80000,4.79802
1758532500000.00000,112575.10000,112578.10000,112548.00000,112551.00000,5.40586
1758532800000.00000,112550.90000,112551.00000,112480.60000,112480.60000,1.39811
1758533100000.00000,112480.60000,112480.60000,112467.00000,112478.30000,0.70735
1758533400000.00000,112478.30000,112512.60000,112384.90000,112512.60000,4.87554
1758533700000.00000,112522.20000,112522.20000,112387.90000,112387.90000,1.00993
1758534000000.00000,112388.00000,112388.00000,112335.40000,112359.20000,12.97013
1758534300000.00000,112359.20000,112396.80000,112359.20000,112362.20000,17.01633
1758534600000.00000,112362.20000,112362.20000,112268.00000,112353.90000,1.36627
1758534900000.00000,112353.90000,112400.00000,112353.90000,112400.00000,1.72980
1758535200000.00000,112400.00000,112487.50000,112399.90000,112400.00000,1.29073
1758535500000.00000,112400.10000,112562.50000,112400.00000,112562.40000,0.50684
1758535800000.00000,112562.50000,112580.20000,112550.80000,112580.10000,2.07417
1758536100000.00000,112580.10000,112600.00000,112580.10000,112600.00000,1.42239
1758536400000.00000,112599.90000,112703.30000,112599.90000,112703.30000,0.65093
1758536700000.00000,112703.30000,112703.30000,112703.20000,112703.30000,1.10212
1758537000000.00000,112703.30000,112703.30000,112580.10000,112580.20000,0.91082
1758537300000.00000,112580.10000,112580.20000,112502.90000,112503.00000,3.46781
1758537600000.00000,112503.00000,112503.00000,112502.90000,112503.00000,0.35861
1758537900000.00000,112502.90000,112700.00000,112502.90000,112700.00000,1.28004
1758538200000.00000,112700.00000,112850.10000,112699.90000,112850.10000,9.58601
1758538500000.00000,112860.40000,112912.00000,112860.40000,112912.00000,1.00972
1758538800000.00000,112912.00000,112912.00000,112911.20000,112911.30000,2.88200
1758539100000.00000,112911.20000,112911.30000,112908.30000,112911.30000,21.62288
1758539400000.00000,112911.30000,112965.90000,112911.20000,112965.90000,10.86719
1758539700000.00000,112965.90000,112971.50000,112965.90000,112971.50000,0.94421
1758540000000.00000,112971.50000,113000.00000,112971.40000,113000.00000,7.12326
1758540300000.00000,113000.00000,113003.10000,112890.30000,112890.30000,32.45380
1758540600000.00000,112890.40000,112890.40000,112870.50000,112885.30000,1.78139
1758540900000.00000,112885.30000,112885.30000,112846.80000,112853.80000,11.08016
1758541200000.00000,112853.70000,112853.80000,112770.00000,112770.10000,1.04986
1758541500000.00000,112779.50000,112901.10000,112779.50000,112901.10000,4.00816
1758541800000.00000,112901.10000,112901.10000,112901.00000,112901.00000,1.91890
1758542100000.00000,112901.10000,112957.10000,112901.00000,112957.10000,60.55973
1758542400000.00000,112957.10000,112957.10000,112770.00000,112800.10000,5.94411
1758542700000.00000,112800.00000,112800.10000,112719.10000,112719.10000,2.02565
1758543000000.00000,112719.10000,112758.40000,112719.10000,112758.30000,0.60509
1758543300000.00000,112758.30000,112758.40000,112700.00000,112736.10000,1.50548
1758543600000.00000,112736.10000,112736.10000,112700.00000,112700.00000,0.56867
1758543900000.00000,112700.10000,112707.80000,112700.00000,112705.30000,0.70704
1758544200000.00000,112705.30000,112705.30000,112618.80000,112666.50000,15.43934
1758544500000.00000,112666.50000,112666.50000,112601.60000,112621.30000,11.41951
1758544800000.00000,112621.30000,112621.30000,112621.20000,112621.20000,0.44376
1758545100000.00000,112621.20000,112621.30000,112621.20000,112621.30000,0.56023
1758545400000.00000,112621.30000,112834.00000,112621.30000,112829.50000,11.53837
1758545700000.00000,112829.50000,112870.30000,112794.60000,112825.10000,2.43936
1758546000000.00000,112825.10000,112825.10000,112825.00000,112825.10000,0.85156
1758546300000.00000,112825.00000,112825.10000,112825.00000,112825.00000,0.53342
1758546600000.00000,112825.00000,113034.70000,112825.00000,113013.70000,31.97434
1758546900000.00000,113034.60000,113034.60000,112972.20000,112972.30000,2.64799
1758547200000.00000,112972.30000,112972.30000,112927.50000,112931.90000,1.21774
1758547500000.00000,112931.90000,113031.80000,112931.90000,113019.90000,2.82302
1758547800000.00000,113019.90000,113019.90000,112912.70000,112913.60000,3.62475
1758548100000.00000,112913.60000,112913.60000,112636.50000,112644.30000,12.45153
1758548400000.00000,112649.70000,112678.50000,112564.70000,112678.50000,5.74257
1758548700000.00000,112678.50000,112678.50000,112525.00000,112550.10000,6.49097
1758549000000.00000,112550.10000,112929.30000,112550.00000,112929.20000,2.47882
1758549300000.00000,112929.30000,113190.00000,112929.20000,113189.90000,26.06084
1758549600000.00000,113190.00000,113287.30000,113189.90000,113287.30000,3.93405
1758549900000.00000,113287.30000,113287.30000,113200.00000,113273.80000,6.79371
1758550200000.00000,113273.80000,113287.50000,113262.40000,113262.50000,4.66937
1758550500000.00000,113262.50000,113300.00000,113262.40000,113283.70000,7.56213
1758550800000.00000,113283.70000,113302.20000,113283.60000,113302.20000,1.08293
1758551100000.00000,113302.10000,113470.00000,113276.70000,113470.00000,23.43488
1758551400000.00000,113470.00000,113470.00000,113276.70000,113276.80000,3.56191
1758551700000.00000,113276.80000,113276.80000,112965.20000,112965.30000,11.48678
1758552000000.00000,112965.30000,113091.40000,112965.20000,113051.50000,4.49973
1758552300000.00000,113051.50000,113051.50000,112938.80000,112938.90000,7.26620
1758552600000.00000,112938.90000,113003.10000,112937.20000,112937.30000,1.76741
1758552900000.00000,112937.30000,113040.20000,112912.50000,113040.10000,3.90756
1758553200000.00000,113040.20000,113040.20000,113014.10000,113020.00000,0.43464
1758553500000.00000,113020.00000,113020.00000,112888.00000,113020.00000,1.55186
1758553800000.00000,113019.90000,113020.00000,113000.30000,113000.40000,0.40239
1758554100000.00000,113000.30000,113000.30000,112806.40000,112806.50000,10.16273
1758554400000.00000,112806.50000,112806.50000,112688.10000,112688.10000,4.30599
1758554700000.00000,112688.10000,112750.00000,112688.10000,112730.10000,2.17613
1758555000000.00000,112730.10000,112730.10000,112654.50000,112656.20000,3.70623
1758555300000.00000,112656.20000,112730.10000,112656.00000,112730.10000,4.75052
1758555600000.00000,112730.00000,112730.10000,112730.00000,112730.10000,0.67931
1758555900000.00000,112730.10000,112850.10000,112730.00000,112850.10000,7.54395
1758556200000.00000,112850.10000,112951.80000,112850.00000,112925.00000,1.85055
1758556500000.00000,112925.00000,112946.70000,112924.90000,112925.00000,0.40279
1758556800000.00000,112925.00000,112925.00000,112867.00000,112921.60000,0.86198
1758557100000.00000,112921.60000,112921.70000,112850.00000,112850.10000,0.46043
1758557400000.00000,112850.10000,112850.10000,112850.00000,112850.10000,0.35272
1758557700000.00000,112850.10000,112861.20000,112805.00000,112856.40000,1.32223
1758558000000.00000,112856.40000,112859.40000,112805.00000,112805.10000,1.05182
1758558300000.00000,112805.10000,112939.40000,112805.10000,112900.00000,22.84712
1758558600000.00000,112900.00000,112900.00000,112804.00000,112812.90000,1.05894
1758558900000.00000,112812.90000,112888.20000,112812.80000,112888.20000,0.33737
1758559200000.00000,112888.20000,112897.70000,112888.10000,112897.60000,0.58051
1758559500000.00000,112897.70000,112897.70000,112806.20000,112806.30000,0.78035
1758559800000.00000,112806.30000,112806.30000,112709.00000,112709.00000,6.91150
1758560100000.00000,112709.00000,112710.10000,112701.20000,112701.30000,8.50245
1758560400000.00000,112701.30000,112701.30000,112551.10000,112551.20000,1.39096
1758560700000.00000,112551.20000,112551.20000,112500.00000,112500.10000,3.55935
1758561000000.00000,112500.10000,112500.10000,112368.70000,112370.00000,5.07982
1758561300000.00000,112370.00000,112425.00000,112369.90000,112425.00000,2.74435
1758561600000.00000,112425.00000,112535.00000,112424.90000,112535.00000,22.27148
1758561900000.00000,112535.00000,112535.00000,112534.90000,112534.90000,0.88756
1758562200000.00000,112534.90000,112534.90000,112500.20000,112500.20000,0.66701
1758562500000.00000,112500.20000,112535.00000,112495.00000,112535.00000,8.80815
1758562800000.00000,112535.00000,112550.00000,112534.90000,112550.00000,0.36522
1758563100000.00000,112549.90000,112591.80000,112549.90000,112591.80000,4.11975
1758563400000.00000,112591.80000,112600.00000,112550.00000,112550.10000,0.42061
1758563700000.00000,112550.10000,112550.10000,112450.00000,112450.10000,5.62098
1758564000000.00000,112450.10000,112461.10000,112449.90000,112461.10000,1.51073
1758564300000.00000,112461.00000,112581.00000,112461.00000,112581.00000,8.86345
1758564600000.00000,112581.00000,112665.80000,112580.90000,112665.80000,0.94344
1758564900000.00000,112665.80000,112709.00000,112587.50000,112709.00000,0.97011
1758565200000.00000,112708.90000,112768.00000,112708.90000,112759.50000,0.97010
1758565500000.00000,112759.60000,112770.60000,112759.50000,112770.50000,0.43638
1758565800000.00000,112770.60000,112770.60000,112770.50000,112770.60000,0.62297
1758566100000.00000,112770.60000,112898.50000,112770.50000,112883.80000,3.06107
1758566400000.00000,112883.90000,112883.90000,112837.60000,112837.60000,1.84262
1758566700000.00000,112837.50000,112837.60000,112712.20000,112712.20000,0.63154
1758567000000.00000,112709.00000,112709.00000,112510.10000,112510.10000,2.21346
1758567300000.00000,112510.10000,112527.90000,112502.80000,112527.30000,21.34777
1758567600000.00000,112527.30000,112587.80000,112527.20000,112583.70000,30.82587
1758567900000.00000,112583.70000,112600.00000,112583.60000,112600.00000,1.58422
1758568200000.00000,112600.00000,112620.30000,112599.90000,112620.30000,0.89768
1758568500000.00000,112620.30000,112634.60000,112576.10000,112588.50000,5.32090
1758568800000.00000,112588.50000,112631.40000,112588.40000,112612.50000,0.51344
1758569100000.00000,112612.50000,112625.10000,112612.50000,112612.50000,9.26233
1758569400000.00000,112612.50000,112612.60000,112500.00000,112500.00000,0.65969
1758569700000.00000,112500.10000,112500.10000,112282.30000,112305.90000,6.13115
1758570000000.00000,112305.90000,112305.90000,112050.00000,112059.40000,15.55610
1758570300000.00000,112059.50000,112186.80000,112050.00000,112186.80000,2.32367
1758570600000.00000,112186.80000,112371.20000,112186.80000,112370.70000,19.70781
1758570900000.00000,112370.70000,112370.70000,112183.00000,112183.10000,4.40761
1758571200000.00000,112183.10000,112183.10000,112105.60000,112105.60000,4.46071
1758571500000.00000,112105.70000,112105.70000,112081.40000,112081.50000,0.77977
1758571800000.00000,112081.50000,112170.00000,112081.40000,112170.00000,2.46004
1758572100000.00000,112170.00000,112170.00000,112169.90000,112169.90000,2.44049
1758572400000.00000,112170.00000,112207.10000,112169.90000,112207.10000,8.61802
1758572700000.00000,112207.10000,112279.90000,112202.70000,112279.90000,12.67839
1758573000000.00000,112279.90000,112562.40000,112279.90000,112562.40000,12.37804
1758573300000.00000,112562.50000,112684.90000,112562.50000,112650.00000,0.52061
1758573600000.00000,112650.00000,112650.00000,112595.10000,112650.00000,2.35227
1758573900000.00000,112650.00000,112677.60000,112649.90000,112677.60000,0.40314
1758574200000.00000,112677.60000,112804.90000,112677.60000,112804.90000,2.14151
1758574500000.00000,112804.90000,112940.30000,112804.80000,112836.60000,4.46610
1758574800000.00000,112836.60000,112836.60000,112686.90000,112768.40000,1.74020
1758575100000.00000,112768.40000,112768.40000,112696.20000,112700.20000,3.76942
1758575400000.00000,112700.20000,112768.40000,112700.10000,112768.40000,0.20441
1758575700000.00000,112768.40000,112768.40000,112768.30000,112768.40000,0.33835
1758576000000.00000,112768.40000,112911.10000,112768.40000,112908.50000,3.05301
1758576300000.00000,112908.50000,112924.10000,112775.10000,112775.10000,22.03268
1758576600000.00000,112775.10000,112776.00000,112775.00000,112776.00000,1.14848
1758576900000.00000,112776.00000,112924.00000,112775.90000,112924.00000,12.98856
1758577200000.00000,112924.00000,112924.00000,112923.90000,112924.00000,1.12275
1758577500000.00000,112924.00000,112942.90000,112923.90000,112939.10000,22.82273
1758577800000.00000,112939.10000,112958.00000,112939.00000,112958.00000,0.62057
1758578100000.00000,112958.00000,113000.00000,112957.90000,113000.00000,5.43159
1758578400000.00000,112999.90000,113000.00000,112862.80000,112863.00000,1.62091
1758578700000.00000,112863.10000,112888.20000,112863.00000,112875.00000,0.24597
1758579000000.00000,112863.10000,112863.10000,112789.00000,112830.10000,3.39667
1758579300000.00000,112830.00000,112847.10000,112830.00000,112847.10000,0.11600
1758579600000.00000,112847.10000,112862.50000,112816.00000,112862.50000,10.04003
1758579900000.00000,112862.40000,112891.30000,112775.00000,112775.00000,0.62026
1758580200000.00000,112775.10000,112775.10000,112719.50000,112746.90000,2.97106
1758580500000.00000,112746.80000,112746.90000,112709.90000,112721.50000,0.17138
1758580800000.00000,112721.40000,112732.60000,112721.40000,112732.60000,0.85641
1758581100000.00000,112732.60000,112736.50000,112732.50000,112732.60000,0.78556
1758581400000.00000,112732.50000,112732.60000,112687.50000,112691.80000,4.70444
1758581700000.00000,112691.80000,112735.70000,112691.70000,112735.70000,0.52522
1758582000000.00000,112735.70000,112787.60000,112735.70000,112787.60000,0.32667
1758582300000.00000,112787.60000,112787.60000,112787.50000,112787.60000,0.07973
1758582600000.00000,112787.60000,112787.60000,112787.50000,112787.60000,0.81861
1758582900000.00000,112787.50000,112787.60000,112736.00000,112736.10000,0.86450
1758583200000.00000,112736.10000,112736.10000,112736.00000,112736.10000,1.03621
1758583500000.00000,112736.10000,112736.10000,112699.90000,112711.20000,0.98257
1758583800000.00000,112711.10000,112737.50000,112695.50000,112706.00000,0.36814
1758584100000.00000,112712.50000,112767.60000,112712.50000,112767.50000,0.28911
1758584400000.00000,112767.60000,112767.60000,112736.10000,112750.00000,0.27705
1758584700000.00000,112750.10000,112817.10000,112737.10000,112787.60000,2.63214
1758585000000.00000,112787.60000,112787.60000,112740.10000,112740.20000,1.06069
1758585300000.00000,112740.10000,112747.80000,112740.10000,112747.80000,0.14378
1758585600000.00000,112747.80000,112747.80000,112652.50000,112701.60000,0.64032
1758585900000.00000,112701.60000,112701.60000,112594.10000,112617.30000,2.18536
1758586200000.00000,112617.30000,112633.60000,112565.90000,112633.60000,0.95033
1758586500000.00000,112633.60000,112701.60000,112633.50000,112701.60000,0.84078
1758586800000.00000,112701.60000,112737.50000,112701.50000,112737.50000,0.99847
1758587100000.00000,112737.40000,112875.20000,112737.40000,112875.20000,0.21950
1758587400000.00000,112875.20000,112875.20000,112763.10000,112763.20000,0.17171
1758587700000.00000,112763.10000,112763.20000,112763.10000,112763.20000,0.21883
1758588000000.00000,112763.10000,112763.20000,112677.30000,112677.40000,0.43225
1758588300000.00000,112677.30000,112677.40000,112641.70000,112649.90000,2.47716
1758588600000.00000,112649.80000,112649.90000,112510.40000,112510.40000,0.28352
1758588900000.00000,112510.40000,112510.40000,112510.30000,112510.30000,0.33491
1758589200000.00000,112510.40000,112510.40000,112510.20000,112510.30000,1.50052
1758589500000.00000,112510.30000,112510.30000,112510.10000,112510.10000,3.39931
1758589800000.00000,112510.00000,112510.10000,112390.10000,112390.20000,15.30934
1758590100000.00000,112390.20000,112524.90000,112390.10000,112517.30000,17.48696
1758590400000.00000,112517.30000,112520.40000,112517.20000,112520.40000,0.82234
1758590700000.00000,112520.40000,112567.20000,112520.30000,112567.20000,0.68144
1758591000000.00000,112567.20000,112567.20000,112475.10000,112475.10000,1.04958
1758591300000.00000,112475.20000,112475.20000,112475.10000,112475.20000,1.34820
1758591600000.00000,112475.10000,112475.20000,112323.10000,112329.90000,6.84535
1758591900000.00000,112329.90000,112366.10000,112329.80000,112366.10000,3.23389
1758592200000.00000,112366.00000,112366.10000,112291.70000,112291.80000,1.68584
1758592500000.00000,112291.80000,112291.80000,112249.70000,112249.80000,0.31015
1758592800000.00000,112249.80000,112361.30000,112249.70000,112361.30000,30.20041
1758593100000.00000,112361.30000,112361.30000,112354.70000,112361.20000,1.01331
1758593400000.00000,112361.20000,112561.50000,112361.20000,112561.50000,3.24880
1758593700000.00000,112561.40000,112561.40000,112425.00000,112425.10000,3.41431
1758594000000.00000,112425.10000,112425.10000,112220.90000,112246.90000,8.98518
1758594300000.00000,112246.90000,112246.90000,112148.00000,112148.00000,2.56132
1758594600000.00000,112148.10000,112174.90000,112148.00000,112148.10000,0.61927
1758594900000.00000,112151.00000,112151.10000,112129.40000,112130.00000,4.27210
1758595200000.00000,112129.90000,112130.00000,112120.00000,112120.10000,0.39433
1758595500000.00000,112120.10000,112120.10000,112047.30000,112047.30000,10.81603
1758595800000.00000,112047.20000,112062.60000,111860.40000,111860.50000,17.21492
1758596100000.00000,111860.40000,111951.00000,111800.00000,111951.00000,19.45683
1758596400000.00000,111951.00000,111951.00000,111816.80000,111833.40000,8.97608
1758596700000.00000,111833.40000,111833.40000,111646.80000,111649.80000,12.52767
1758597000000.00000,111649.80000,111787.60000,111561.80000,111787.60000,3.41030
1758597300000.00000,111792.20000,112145.00000,111792.20000,112145.00000,12.47954
1758597600000.00000,112145.00000,112279.90000,112144.90000,112229.30000,14.19412
1758597900000.00000,112229.20000,112467.00000,112229.20000,112467.00000,4.17356
1758598200000.00000,112466.90000,112475.10000,112466.90000,112474.80000,0.57169
1758598500000.00000,112474.80000,112474.80000,112335.60000,112335.70000,1.05725
1758598800000.00000,112335.70000,112387.80000,112333.80000,112333.90000,1.86867
1758599100000.00000,112333.90000,112440.00000,112333.80000,112440.00000,0.28281
1758599400000.00000,112440.00000,112462.70000,112433.00000,112462.70000,1.90737
1758599700000.00000,112462.70000,112475.00000,112374.90000,112389.10000,0.65033
1758600000000.00000,112389.10000,112475.00000,112389.10000,112475.00000,2.13984
1758600300000.00000,112475.00000,112500.00000,112387.30000,112387.30000,5.11654
1758600600000.00000,112387.30000,112387.40000,112299.90000,112300.00000,0.13858
1758600900000.00000,112299.90000,112299.90000,112177.40000,112253.60000,0.59103
1758601200000.00000,112253.60000,112261.60000,112253.60000,112261.50000,1.10935
1758601500000.00000,112261.50000,112261.50000,112139.90000,112162.50000,5.71583
1758601800000.00000,112162.40000,112162.50000,112000.00000,112043.60000,1.16962
1758602100000.00000,112043.50000,112345.50000,112043.50000,112345.40000,0.50031
1758602400000.00000,112345.50000,112405.00000,112302.10000,112330.80000,1.53629
1758602700000.00000,112330.80000,112405.60000,112323.90000,112405.60000,0.80705
1758603000000.00000,112412.50000,112476.50000,112412.50000,112474.70000,5.36016
1758603300000.00000,112474.60000,112500.00000,112474.60000,112500.00000,0.95737
1758603600000.00000,112500.00000,112630.90000,112500.00000,112585.60000,1.41411
1758603900000.00000,112585.70000,112585.70000,112500.20000,112562.40000,0.38679
1758604200000.00000,112563.40000,112736.10000,112563.30000,112736.10000,1.79445
1758604500000.00000,112736.00000,112736.10000,112723.70000,112723.80000,0.80605
1758604800000.00000,112723.80000,112777.80000,112723.70000,112777.80000,0.26600
1758605100000.00000,112777.80000,112815.70000,112777.80000,112815.50000,0.46577
1758605400000.00000,112815.60000,112830.00000,112815.50000,112830.00000,3.14678
1758605700000.00000,112830.00000,112850.00000,112829.90000,112850.00000,50.34003
1758606000000.00000,112850.00000,112918.80000,112849.90000,112914.30000,1.36109
1758606300000.00000,112914.30000,112914.30000,112845.40000,112845.40000,12.70291
1758606600000.00000,112845.40000,112845.40000,112741.60000,112741.70000,19.52746
1758606900000.00000,112741.60000,112741.70000,112741.60000,112741.70000,0.10307
1758607200000.00000,112741.70000,112741.70000,112741.60000,112741.60000,0.16079
1758607500000.00000,112741.70000,112825.70000,112741.60000,112825.00000,5.05738
1758607800000.00000,112825.00000,112874.00000,112825.00000,112857.90000,1.66318
1758608100000.00000,112857.80000,112883.70000,112857.80000,112883.70000,0.05898
1758608400000.00000,112887.50000,112928.00000,112887.50000,112904.40000,10.14652
1758608700000.00000,112904.50000,112953.90000,112904.50000,112953.90000,0.77607
1758609000000.00000,112953.90000,112977.90000,112953.80000,112977.80000,0.18022
1758609300000.00000,112977.90000,113096.90000,112977.90000,113094.20000,3.28138
1758609600000.00000,113094.10000,113094.20000,112977.70000,112977.80000,1.03633
1758609900000.00000,112977.80000,113040.20000,112977.70000,113040.10000,1.82218
1758610200000.00000,113040.10000,113087.50000,113040.10000,113049.90000,2.14225
1758610500000.00000,113049.90000,113072.60000,113049.80000,113056.00000,0.21922
1758610800000.00000,113056.00000,113056.00000,113027.20000,113027.20000,0.87213
1758611100000.00000,113027.20000,113027.30000,113027.20000,113027.30000,0.34293
1758611400000.00000,113027.20000,113027.30000,113027.20000,113027.20000,0.53918
1758611700000.00000,113027.20000,113027.30000,113000.00000,113000.00000,0.15328
1758612000000.00000,113000.10000,113115.90000,113000.10000,113115.90000,8.14843
1758612300000.00000,113115.90000,113115.90000,113002.80000,113002.90000,5.81759
1758612600000.00000,113002.90000,113002.90000,113002.80000,113002.90000,0.27737
1758612900000.00000,113025.00000,113037.50000,113025.00000,113037.40000,6.12950
1758613200000.00000,113037.50000,113037.50000,113000.10000,113000.10000,0.26129
1758613500000.00000,113000.10000,113012.50000,113000.00000,113000.10000,4.65275
1758613800000.00000,113000.00000,113091.10000,113000.00000,113091.10000,0.42629
1758614100000.00000,113091.10000,113091.10000,113091.00000,113091.10000,0.17036
1758614400000.00000,113091.10000,113157.30000,113091.00000,113157.30000,0.96749
1758614700000.00000,113157.20000,113157.20000,113040.20000,113101.20000,3.35309
1758615000000.00000,113101.10000,113105.00000,113040.00000,113105.00000,2.12391
1758615300000.00000,113105.00000,113172.20000,113105.00000,113172.20000,27.53207
1758615600000.00000,113172.10000,113198.00000,113172.10000,113198.00000,10.25087
1758615900000.00000,113198.00000,113198.00000,113170.80000,113171.00000,1.63693
1758616200000.00000,113171.00000,113171.00000,113158.50000,113158.60000,1.99368
1758616500000.00000,113158.60000,113168.60000,113158.50000,113168.60000,0.08496
1758616800000.00000,113168.50000,113168.60000,113158.60000,113158.60000,0.30134
1758617100000.00000,113158.70000,113158.70000,113153.90000,113154.00000,0.25994
1758617400000.00000,113154.00000,113154.00000,113139.90000,113140.00000,0.09507
1758617700000.00000,113140.00000,113189.20000,113139.90000,113174.90000,2.54787
1758618000000.00000,113175.00000,113175.00000,113174.80000,113174.90000,2.68611
1758618300000.00000,113174.90000,113238.80000,113174.80000,113238.70000,12.02686
1758618600000.00000,113238.70000,113318.90000,113238.70000,113316.70000,4.78988
1758618900000.00000,113316.70000,113316.70000,113237.80000,113237.90000,0.50267
1758619200000.00000,113237.90000,113237.90000,113174.00000,113174.00000,0.78828
1758619500000.00000,113174.00000,113174.00000,113131.90000,113132.00000,0.85892
1758619800000.00000,113132.00000,113132.00000,113100.00000,113100.10000,1.12774
1758620100000.00000,113100.10000,113129.00000,113100.00000,113128.90000,1.96363
1758620400000.00000,113129.00000,113129.00000,113128.90000,113129.00000,0.29597
1758620700000.00000,113128.90000,113128.90000,112943.40000,112951.30000,1.80672
1758621000000.00000,112951.30000,112955.60000,112951.30000,112955.60000,0.15049
1758621300000.00000,112955.60000,112999.40000,112955.60000,112979.40000,10.54175
1758621600000.00000,112979.40000,112979.40000,112914.20000,112938.20000,12.17693
1758621900000.00000,112938.20000,113027.90000,112938.20000,112997.40000,2.27666
1758622200000.00000,112997.50000,113039.60000,112997.40000,113016.50000,0.24588
1758622500000.00000,113012.60000,113012.60000,112975.10000,112975.10000,10.42005
1758622800000.00000,112975.00000,112975.10000,112952.60000,112952.70000,0.05571
1758623100000.00000,112952.60000,112992.50000,112952.60000,112985.50000,0.48598
1758623400000.00000,112985.50000,112994.60000,112962.50000,112994.60000,0.19906
1758623700000.00000,112994.60000,112994.60000,112959.60000,112959.60000,1.18864
1758624000000.00000,112959.70000,112959.70000,112938.20000,112938.20000,0.76872
1758624300000.00000,112938.30000,112952.20000,112938.30000,112952.10000,0.16192
1758624600000.00000,112952.20000,113016.40000,112952.10000,113016.40000,1.14864
1758624900000.00000,113016.40000,113032.90000,113016.30000,113032.90000,0.30064
1758625200000.00000,113032.90000,113032.90000,113012.50000,113012.60000,15.28716
1758625500000.00000,113012.60000,113012.60000,112801.10000,112801.10000,1.65469
1758625800000.00000,112801.20000,112801.20000,112801.10000,112801.20000,0.46631
1758626100000.00000,112801.20000,112815.10000,112801.10000,112815.00000,0.52417
1758626400000.00000,112815.10000,112937.40000,112815.00000,112937.30000,2.28320
1758626700000.00000,112937.40000,112941.10000,112937.30000,112941.10000,0.05858
1758627000000.00000,112941.20000,112979.10000,112906.60000,112979.00000,0.42614
1758627300000.00000,112979.00000,113000.00000,112978.90000,112999.90000,0.30678
1758627600000.00000,113000.00000,113113.00000,112999.90000,113113.00000,1.60997
1758627900000.00000,113113.00000,113146.30000,113030.70000,113030.70000,1.13525
1758628200000.00000,113030.70000,113040.20000,113030.70000,113040.20000,0.12288
1758628500000.00000,113040.20000,113040.20000,113040.10000,113040.20000,0.17187
1758628800000.00000,113040.20000,113042.50000,113040.10000,113042.50000,0.17376
1758629100000.00000,113042.50000,113062.20000,113040.30000,113040.40000,0.56708
1758629400000.00000,113040.40000,113063.70000,113000.00000,113063.70000,4.82151
1758629700000.00000,113051.40000,113082.30000,113051.30000,113082.30000,0.47252
1758630000000.00000,113082.30000,113082.30000,112891.90000,112942.00000,21.30697
1758630300000.00000,112942.10000,112950.00000,112919.50000,112950.00000,1.32955
1758630600000.00000,112950.00000,112965.00000,112949.90000,112965.00000,0.18889
1758630900000.00000,112965.00000,113061.10000,112964.90000,113060.90000,1.06543
1758631200000.00000,113061.00000,113061.00000,113040.20000,113048.50000,0.73866
1758631500000.00000,113048.50000,113091.70000,113048.50000,113090.00000,0.69323
1758631800000.00000,113090.00000,113090.00000,113040.20000,113040.20000,0.24819
1758632100000.00000,113040.30000,113040.30000,112987.50000,113000.00000,1.80123
1758632400000.00000,113000.00000,113000.00000,112999.90000,113000.00000,0.08853
1758632700000.00000,112999.90000,112999.90000,112975.00000,112975.10000,0.21876
1758633000000.00000,112975.10000,112975.10000,112948.40000,112973.80000,2.63806
1758633300000.00000,112973.80000,112973.80000,112952.90000,112973.00000,0.55393
1758633600000.00000,112973.00000,112973.80000,112941.90000,112973.70000,4.58723
1758633900000.00000,112973.80000,112973.80000,112973.70000,112973.80000,0.71241
1758634200000.00000,112973.70000,112975.00000,112973.70000,112975.00000,0.42032
1758634500000.00000,112975.00000,113040.20000,112973.70000,112973.80000,1.76828
1758634800000.00000,112973.80000,112973.80000,112817.50000,112817.60000,0.94164
1758635100000.00000,112817.60000,112900.00000,112814.00000,112900.00000,1.89884
1758635400000.00000,112900.00000,112906.50000,112900.00000,112900.10000,0.74018
1758635700000.00000,112900.10000,113000.00000,112900.00000,113000.00000,0.75174
1758636000000.00000,113000.00000,113062.50000,112999.40000,113037.40000,0.52466
1758636300000.00000,113037.40000,113176.00000,113037.40000,113175.90000,0.56585
1758636600000.00000,113175.90000,113309.50000,113125.00000,113125.10000,13.06333
1758636900000.00000,113125.10000,113125.10000,112999.40000,113019.40000,1.59946
1758637200000.00000,113019.40000,113019.50000,112932.00000,112940.50000,0.80690
1758637500000.00000,112940.50000,112940.50000,112868.80000,112888.20000,4.55157
1758637800000.00000,112888.20000,112888.20000,112746.40000,112746.50000,2.54079
1758638100000.00000,112746.40000,112809.00000,112741.60000,112809.00000,6.12336
1758638400000.00000,112812.40000,112899.30000,112812.40000,112899.20000,1.53254
1758638700000.00000,112899.30000,112899.30000,112773.00000,112773.00000,0.81611
1758639000000.00000,112773.10000,112773.10000,112655.10000,112655.20000,3.14456
1758639300000.00000,112655.20000,112774.30000,112655.20000,112750.10000,0.43423
1758639600000.00000,112750.10000,112750.10000,112543.10000,112651.90000,10.07310
1758639900000.00000,112652.00000,112787.60000,112652.00000,112787.50000,1.22407
1758640200000.00000,112787.50000,113037.20000,112787.50000,113009.30000,3.14772
1758640500000.00000,113009.30000,113009.30000,112933.00000,112962.50000,10.13112
1758640800000.00000,112962.50000,113098.90000,112962.40000,113098.90000,0.37170
1758641100000.00000,113098.80000,113098.90000,113068.60000,113069.00000,2.33990
1758641400000.00000,113069.10000,113069.10000,113030.00000,113030.00000,1.04219
1758641700000.00000,113030.10000,113030.10000,112992.20000,112998.50000,3.42534
1758642000000.00000,112998.40000,112998.40000,112930.00000,112930.00000,0.62104
1758642300000.00000,112930.00000,112936.10000,112909.60000,112913.70000,0.70880
1758642600000.00000,112913.70000,112995.00000,112913.60000,112937.70000,0.45977
1758642900000.00000,112962.60000,112962.60000,112899.30000,112899.70000,0.91462
1758643200000.00000,112899.70000,112899.70000,112899.60000,112899.70000,0.89996
1758643500000.00000,112899.70000,112899.70000,112690.80000,112690.80000,1.29741
1758643800000.00000,112690.80000,112690.80000,112565.10000,112616.30000,1.61197
1758644100000.00000,112621.00000,112787.90000,112621.00000,112787.90000,1.33683
1758644400000.00000,112787.90000,112895.50000,112787.90000,112875.00000,0.98002
1758644700000.00000,112875.00000,112887.60000,112874.90000,112887.60000,1.15771
1758645000000.00000,112887.50000,112887.60000,112722.40000,112737.60000,20.37937
1758645300000.00000,112750.00000,112750.00000,112614.10000,112671.50000,6.02318
1758645600000.00000,112671.60000,112681.70000,112599.50000,112634.90000,0.41116
1758645900000.00000,112634.90000,112785.60000,112634.80000,112785.60000,0.37692
1758646200000.00000,112785.60000,112995.00000,112785.60000,112975.10000,2.33027
1758646500000.00000,112975.10000,112975.10000,112820.90000,112870.80000,1.55373
1758646800000.00000,112870.90000,112870.90000,112703.40000,112703.50000,0.36099
1758647100000.00000,112703.50000,112725.10000,112685.00000,112696.00000,0.64355
1758647400000.00000,112696.00000,112696.00000,112634.80000,112634.90000,1.60663
1758647700000.00000,112634.90000,112634.90000,112559.40000,112562.60000,0.44571
1758648000000.00000,112562.60000,112614.20000,112562.50000,112614.20000,3.25016
1758648300000.00000,112614.20000,112614.20000,112480.50000,112480.60000,3.85587
1758648600000.00000,112480.60000,112480.60000,112411.00000,112411.00000,2.07052
1758648900000.00000,112411.00000,112411.10000,112210.90000,112210.90000,20.30192
1758649200000.00000,112205.40000,112205.50000,112052.00000,112052.10000,14.56935
1758649500000.00000,112055.10000,112207.50000,112013.90000,112207.50000,21.38725
1758649800000.00000,112207.40000,112207.50000,111993.00000,111993.10000,3.06942
1758650100000.00000,111993.00000,111993.10000,111968.40000,111968.90000,1.43223
1758650400000.00000,111968.90000,112106.80000,111968.80000,111975.80000,8.72483
1758650700000.00000,111975.80000,112226.60000,111975.80000,112226.50000,5.79167
1758651000000.00000,112226.50000,112226.50000,112129.80000,112145.00000,1.76899
1758651300000.00000,112145.10000,112153.60000,112037.60000,112037.60000,1.40365
1758651600000.00000,112037.60000,112037.60000,111824.90000,111960.10000,7.28597
1758651900000.00000,111960.00000,112120.90000,111960.00000,112050.00000,7.41737
1758652200000.00000,112050.10000,112050.10000,111850.70000,111954.20000,5.14011
1758652500000.00000,111954.20000,111961.30000,111835.00000,111835.00000,10.63901
1758652800000.00000,111835.10000,111835.10000,111735.20000,111739.50000,40.42102
1758653100000.00000,111739.50000,111739.50000,111700.20000,111727.70000,20.48938
1758653400000.00000,111727.70000,111802.20000,111727.70000,111802.20000,5.90708
1758653700000.00000,111802.20000,111812.50000,111798.80000,111812.50000,1.75716
1758654000000.00000,111812.50000,111860.00000,111812.40000,111858.00000,31.41299
1758654300000.00000,111858.00000,111974.20000,111858.00000,111893.30000,28.95033
1758654600000.00000,111893.30000,111893.30000,111893.20000,111893.30000,1.18066
1758654900000.00000,111893.30000,111926.80000,111893.20000,111926.80000,19.12302
1758655200000.00000,111926.80000,111926.80000,111864.70000,111864.80000,1.49331
1758655500000.00000,111864.80000,111864.80000,111800.00000,111800.10000,1.62525
1758655800000.00000,111800.00000,111800.10000,111800.00000,111800.00000,1.04737
1758656100000.00000,111800.10000,111800.10000,111715.30000,111715.30000,7.10934
1758656400000.00000,111715.30000,111715.40000,111700.00000,111700.10000,6.24306
1758656700000.00000,111700.10000,111700.10000,111586.40000,111665.40000,12.28157
1758657000000.00000,111665.40000,111665.40000,111586.00000,111609.40000,37.87154
1758657300000.00000,111609.40000,111678.80000,111609.30000,111678.70000,0.39541
1758657600000.00000,111678.80000,111836.40000,111678.70000,111834.90000,11.08276
1758657900000.00000,111834.90000,111834.90000,111834.80000,111834.90000,0.84923
1758658200000.00000,111834.90000,111912.40000,111834.80000,111912.40000,1.71241
1758658500000.00000,111912.40000,111912.40000,111890.10000,111890.10000,2.90822
1758658800000.00000,111890.10000,111890.10000,111761.50000,111761.60000,2.45091
1758659100000.00000,111761.60000,111761.60000,111661.00000,111667.40000,14.71164
1758659400000.00000,111667.40000,111695.20000,111558.20000,111567.40000,12.71079
1758659700000.00000,111567.50000,111761.60000,111557.00000,111761.60000,2.21552
1758660000000.00000,111761.60000,111912.40000,111761.50000,111912.30000,0.61865
1758660300000.00000,111912.40000,111912.40000,111761.50000,111770.10000,2.11235
1758660600000.00000,111770.10000,111800.00000,111770.00000,111800.00000,0.65046
1758660900000.00000,111800.00000,112000.00000,111799.90000,111999.90000,2.19068
1758661200000.00000,112000.00000,112000.00000,111938.10000,111950.50000,3.33934
1758661500000.00000,111950.50000,111950.50000,111946.00000,111949.60000,2.29552
1758661800000.00000,111949.60000,111949.60000,111949.50000,111949.60000,1.39071
1758662100000.00000,111949.60000,112012.40000,111949.50000,112012.40000,2.08018
1758662400000.00000,112012.40000,112012.40000,112012.30000,112012.40000,0.13708
1758662700000.00000,112012.40000,112012.40000,112012.30000,112012.40000,0.58778
1758663000000.00000,112012.40000,112117.80000,112012.40000,112117.80000,30.85332
1758663300000.00000,112117.80000,112162.40000,112117.80000,112162.40000,1.81073
1758663600000.00000,112162.30000,112203.10000,112162.30000,112203.10000,14.96227
1758663900000.00000,112203.10000,112203.10000,112129.40000,112129.50000,0.81929
1758664200000.00000,112129.50000,112153.30000,112120.90000,112153.30000,0.62551
1758664500000.00000,112154.30000,112191.80000,112154.30000,112170.80000,3.52421
1758664800000.00000,112170.70000,112174.70000,112082.60000,112127.70000,8.20378
1758665100000.00000,112127.80000,112211.00000,112127.80000,112211.00000,0.18944
1758665400000.00000,112211.00000,112212.60000,112174.10000,112198.10000,10.18616
1758665700000.00000,112198.10000,112198.10000,112133.90000,112134.00000,0.61068
